-4.5 2.44439171235637e-05
-4.14 4.9941490933222645e-05
-3.78 0.00010264372753709475
-3.42 0.0002096414900300713
-3.06 0.0004257442666458253
-2.7 0.00085717378920922
-2.34 0.0016869406627099941
-1.98 0.0032071250822186615
-1.62 0.005715858647416272
-1.26 0.009188321742746657
-0.9000000000000004 0.012956007166939
-0.54 0.01585748760984775
-0.1799999999999997 0.016948686969520187
0.1799999999999997 0.015860807478371076
0.54 0.012959670096881691
0.8999999999999995 0.009187298130450718
1.26 0.005713893456708916
1.62 0.003210365492002119
1.98 0.0016853835689796108
2.34 0.0008598179366712073
2.699999999999999 0.00042580645546090205
3.06 0.00020925740081279934
3.42 0.00010218884046320315
3.779999999999999 4.981965073519267e-05
4.140000000000001 2.433187002898467e-05
4.5 0.0
