-4.5 5.7055248305491316e-05
-4.14 0.00011660569467918496
-3.78 0.0002398724753694628
-3.42 0.0004902215132788116
-3.06 0.0009974925969272871
-2.7 0.002011328379441467
-2.34 0.003987995098557786
-1.98 0.007627708387750995
-1.62 0.013713344804039894
-1.26 0.02217175346551531
-0.9000000000000004 0.0311403762772099
-0.54 0.03754643984126098
-0.1799999999999997 0.03971281360954933
0.1799999999999997 0.03752718369821078
0.54 0.031139707970486243
0.8999999999999995 0.02217946258079201
1.26 0.013709417575532911
1.62 0.007636608420497406
1.98 0.00398475376609943
2.34 0.002017818390677585
2.699999999999999 0.0009981773410958027
3.06 0.0004898842887147714
3.42 0.00023938126685277197
3.779999999999999 0.00011679651272335814
4.140000000000001 5.6956826426183795e-05
4.5 0.0
