-4.5 0.00778249835254353
-4.14 0.016058138920639772
-3.78 0.032935755852202736
-3.42 0.0672478124465161
-3.06 0.13762786123307688
-2.7 0.278325919441373
-2.34 0.5530321326443517
-1.98 1.0642739656939806
-1.62 1.9225255451140395
-1.26 3.1260227265450053
-0.9000000000000004 4.3751558079274435
-0.54 5.2138727301045655
-0.1799999999999997 5.475561002904012
0.1799999999999997 5.210713732869597
0.54 4.373570527003801
0.8999999999999995 3.1225940653749857
1.26 1.9208241477794528
1.62 1.062646946690148
1.98 0.554282783099097
2.34 0.2782619225127285
2.699999999999999 0.13731746976442533
3.06 0.06748117896995617
3.42 0.03296508080419678
3.779999999999999 0.016108379753601205
4.140000000000001 0.007846994190219257
4.5 0.0
