-4.5 3.2611331181927616e-05
-4.14 6.66642037459623e-05
-3.78 0.00013722874783236806
-3.42 0.0002805800232487403
-3.06 0.0005717483302814619
-2.7 0.001154154590232247
-2.34 0.002301054435847792
-1.98 0.0044205833055323334
-1.62 0.007997486156623622
-1.26 0.012983431722768652
-0.9000000000000004 0.018184369110270902
-0.54 0.02168895223141323
-0.1799999999999997 0.022764126640029143
0.1799999999999997 0.021666376219839703
0.54 0.018180037873604553
0.8999999999999995 0.012992164450341293
1.26 0.007995524118823994
1.62 0.004426242928495287
1.98 0.0022993701971198194
2.34 0.0011580004540063776
2.699999999999999 0.0005723708856349007
3.06 0.00028062688790197207
3.42 0.00013719242638956882
3.779999999999999 6.697686198816547e-05
4.140000000000001 3.2624956397199126e-05
4.5 0.0
