-4.5 6.984967452212605e-05
-4.14 0.00014316062970250634
-3.78 0.0002778711015463093
-3.42 0.0005653269213945422
-3.06 0.0011815516591917043
-2.7 0.002288958375318737
-2.34 0.004734952788761818
-1.98 0.009227542482684412
-1.62 0.016177439059565275
-1.26 0.02534799371269632
-0.9000000000000004 0.03456896220800758
-0.54 0.039750524366841365
-0.1799999999999997 0.040944890258577386
0.1799999999999997 0.03985202082998305
0.54 0.034366229296150436
0.8999999999999995 0.02566463920628144
1.26 0.016180277548019487
1.62 0.00908641559430008
1.98 0.004730291075944237
2.34 0.0024045975013342485
2.699999999999999 0.001147993550885754
3.06 0.0005904834356227616
3.42 0.00028244445593935763
3.779999999999999 0.0001405717826986986
4.140000000000001 6.118944831589687e-05
4.5 0.0
