0.0 0.0010291051813934547
0.0704 0.0030804802784145852
0.1408 0.005127908990796151
0.2112 0.007155831769812522
0.2816 0.009195237365265499
0.352 0.011228387223523147
0.4224 0.0132223265644495
0.4928 0.015226615142878331
0.5632 0.01716367684910019
0.6336 0.01917399333092614
0.7040000000000001 0.021111317180321578
0.7744000000000001 0.023035002214987867
0.8448 0.02503210986350979
0.9152 0.02699781595275443
0.9856 0.029060039796457975
1.056 0.031178217268065467
1.1264 0.03344768642640285
1.1968 0.03595735094326005
1.2672 0.03876989532630501
1.3376 0.04216983438384816
1.408 0.04654797322793632
1.4784 0.052323392923428726
1.5488 0.06134783344961442
1.6192 0.0788998821131274
1.6896 0.18324125601839333
1.76 0.0
