0.0 0.2466319490866506
0.0704 0.7402163308698938
0.1408 1.2291517377002164
0.2112 1.7233088231388174
0.2816 2.218472393823686
0.352 2.697319197206695
0.4224 3.1833228866954983
0.4928 3.6626198560868004
0.5632 4.1310836171194225
0.6336 4.6002790654812875
0.7040000000000001 5.075234862411311
0.7744000000000001 5.540797038108452
0.8448 6.011255088445815
0.9152 6.497112452625283
0.9856 6.984314451452312
1.056 7.501166562033006
1.1264 8.049350702062886
1.1968 8.663285974553368
1.2672 9.334808152947181
1.3376 10.142419857923796
1.408 11.17869283463404
1.4784 12.590022758843677
1.5488 14.744114208852265
1.6192 18.98354338062106
1.6896 44.060670390275305
1.76 0.0
