0.0 0.0017963863725033607
0.0704 0.00537793937226079
0.1408 0.008941465082601283
0.2112 0.012492272522706842
0.2816 0.016003256782937885
0.352 0.01945577879307817
0.4224 0.02288997420896209
0.4928 0.026292712705312374
0.5632 0.029621606408365198
0.6336 0.03297542351566138
0.7040000000000001 0.03625768583657536
0.7744000000000001 0.03950279228945784
0.8448 0.04283992216185101
0.9152 0.04616855707009026
0.9856 0.04959311315617519
1.056 0.053238097279293434
1.1264 0.0570789222436586
1.1968 0.06138124979697196
1.2672 0.06626222630659737
1.3376 0.07219788839303087
1.408 0.079782675706876
1.4784 0.08993745494871547
1.5488 0.10585899279997335
1.6192 0.13671658680755966
1.6896 0.3192439602241706
1.76 0.0
