0.0 0.0007672811911099061
0.0704 0.0022974590938462046
0.1408 0.003813556091805132
0.2112 0.005336440752894319
0.2816 0.006808019417672386
0.352 0.008227391569555022
0.4224 0.009667647644512592
0.4928 0.011066097562434042
0.5632 0.012457929559265007
0.6336 0.01380143018473524
0.7040000000000001 0.01514636865625378
0.7744000000000001 0.016467790074469975
0.8448 0.017807812298341216
0.9152 0.01917074111733583
0.9856 0.020533073359717217
1.056 0.02205988001122797
1.1264 0.02363123581725575
1.1968 0.025423898853711907
1.2672 0.02749233098029236
1.3376 0.030028054009182722
1.408 0.03323470247893967
1.4784 0.037614062025286735
1.5488 0.044511159350358924
1.6192 0.057816704694432265
1.6896 0.1360027042057773
1.76 0.0
