0.0 0.003341687470126741
0.0704 0.010090046368052288
0.1408 0.01635864495513921
0.2112 0.02323712625552115
0.2816 0.029332006308509746
0.352 0.03567380577229309
0.4224 0.041448863649248116
0.4928 0.048016124457928605
0.5632 0.053523379616337276
0.6336 0.05835509035480147
0.7040000000000001 0.06391569396840352
0.7744000000000001 0.06778532124357264
0.8448 0.07218705650968771
0.9152 0.07660330271951374
0.9856 0.08073157372879075
1.056 0.08407328712347267
1.1264 0.0891150568769278
1.1968 0.09413873566544842
1.2672 0.09801216480719382
1.3376 0.10218042309081382
1.408 0.10879970278234488
1.4784 0.11748670282454413
1.5488 0.12596968547906273
1.6192 0.13651294174076536
1.6896 -0.05211491221159059
1.76 0.0
