-1.0 0.0
-0.95 0.0
-0.9 0.00329546254568124
-0.85 0.08428378218593163
-0.8 0.06966168496281362
-0.75 0.06083443648976628
-0.7 0.055223585922563906
-0.6499999999999999 0.05171891721716383
-0.6 0.049580193216761055
-0.55 0.048599331407030426
-0.5 0.048641306997197806
-0.45 0.049569467863981614
-0.3999999999999999 0.051719161875912786
-0.35 0.055200389000092706
-0.2999999999999999 0.060884611669281545
-0.25 0.0696647519406228
-0.2 0.08429879638057586
-0.1499999999999999 0.003290869893202754
-0.09999999999999998 0.0
-0.04999999999999993 0.0
0.0 0.0
