-1.0 0.0
-0.95 0.0
-0.9 0.004415232105466132
-0.85 0.11652482965203871
-0.8 0.09843156825765977
-0.75 0.08562902183480556
-0.7 0.07676456826553925
-0.6499999999999999 0.07073733522818239
-0.6 0.06712942035028345
-0.55 0.06521068110079165
-0.5 0.06530868009749535
-0.45 0.0669918567822914
-0.3999999999999999 0.07071807954140172
-0.35 0.07669388825727116
-0.2999999999999999 0.08560426046597207
-0.25 0.09850316149895481
-0.2 0.11657848741803335
-0.1499999999999999 0.004417152201055765
-0.09999999999999998 0.0
-0.04999999999999993 0.0
0.0 0.0
