-1.0 0.0
-0.95 0.0
-0.9 0.007710694651147373
-0.85 0.20080861183797033
-0.8 0.1680932532204734
-0.75 0.14646345832457183
-0.7 0.13198815418810317
-0.6499999999999999 0.12245625244534622
-0.6 0.11670961356704451
-0.55 0.11381001250782208
-0.5 0.11394998709469316
-0.45 0.11656132464627302
-0.3999999999999999 0.1224372414173145
-0.35 0.13189427725736386
-0.2999999999999999 0.1464888721352536
-0.25 0.1681679134395776
-0.2 0.2008772837986092
-0.1499999999999999 0.007708022094258519
-0.09999999999999998 0.0
-0.04999999999999993 0.0
0.0 0.0
