-1.0 0.0
-0.95 0.0
-0.9 1.0584281034050815
-0.85 28.032636436327664
-0.8 23.70204590435594
-0.75 20.600829539414736
-0.7 18.45444569371083
-0.6499999999999999 17.03139947722203
-0.6 16.116455200142084
-0.55 15.707435957961916
-0.5 15.68040366143212
-0.45 16.124986770736232
-0.3999999999999999 16.999206274110854
-0.35 18.440831783738965
-0.2999999999999999 20.598394807969573
-0.25 23.677737009759817
-0.2 28.017445579508966
-0.1499999999999999 1.0605037589858404
-0.09999999999999998 0.0
-0.04999999999999993 0.0
0.0 0.0
