-1.0 0.0
-0.95 0.0
-0.9 -0.012201562469730134
-0.85 0.06264405961334013
-0.8 0.1574105222094076
-0.75 0.1672611286506775
-0.7 0.1627850030535951
-0.6499999999999999 0.1548688287978505
-0.6 0.14829265722447726
-0.55 0.14463890762082213
-0.5 0.14494501292736284
-0.45 0.14890243072109505
-0.3999999999999999 0.1606607769125144
-0.35 0.17401173226924224
-0.2999999999999999 0.1957552539175911
-0.25 0.22445865300503465
-0.2 0.2016389752341471
-0.1499999999999999 -0.0047112754152810205
-0.09999999999999998 0.0
-0.04999999999999993 0.0
0.0 0.0
