-1.0 0.0
-0.95 0.0
-0.9 0.0032908698932027462
-0.85 0.08429879638057615
-0.8 0.06966475194062273
-0.75 0.060884611669281344
-0.7 0.05520038900009276
-0.6499999999999999 0.051719161875912786
-0.6 0.04956946786398178
-0.55 0.04864130699719776
-0.5 0.048599331407030474
-0.45 0.04958019321676089
-0.3999999999999999 0.05171891721716383
-0.35 0.05522358592256385
-0.2999999999999999 0.06083443648976649
-0.25 0.06966168496281369
-0.2 0.08428378218593134
-0.1499999999999999 0.0032954625456812475
-0.09999999999999998 0.0
-0.04999999999999993 0.0
0.0 0.0
