-1.0 0.0
-0.95 0.0
-0.9 0.004417152201055755
-0.85 0.11657848741803375
-0.8 0.0985031614989547
-0.75 0.08560426046597178
-0.7 0.07669388825727125
-0.6499999999999999 0.07071807954140172
-0.6 0.06699185678229162
-0.55 0.06530868009749528
-0.5 0.06521068110079171
-0.45 0.06712942035028323
-0.3999999999999999 0.07073733522818239
-0.35 0.07676456826553917
-0.2999999999999999 0.08562902183480585
-0.25 0.09843156825765988
-0.2 0.11652482965203832
-0.1499999999999999 0.004415232105466143
-0.09999999999999998 0.0
-0.04999999999999993 0.0
0.0 0.0
