-1.0 0.0
-0.95 0.0
-0.9 0.007708022094258501
-0.85 0.20087728379860992
-0.8 0.16816791343957743
-0.75 0.14648887213525313
-0.7 0.13189427725736402
-0.6499999999999999 0.1224372414173145
-0.6 0.1165613246462734
-0.55 0.11394998709469303
-0.5 0.11381001250782219
-0.45 0.11670961356704412
-0.3999999999999999 0.12245625244534622
-0.35 0.131988154188103
-0.2999999999999999 0.14646345832457233
-0.25 0.16809325322047358
-0.2 0.20080861183796966
-0.1499999999999999 0.00771069465114739
-0.09999999999999998 0.0
-0.04999999999999993 0.0
0.0 0.0
