-1.0 0.0
-0.95 0.0
-0.9 1.060503758985838
-0.85 28.01744557950906
-0.8 23.67773700975979
-0.75 20.598394807969505
-0.7 18.440831783738982
-0.6499999999999999 16.999206274110854
-0.6 16.12498677073629
-0.55 15.680403661432102
-0.5 15.707435957961934
-0.45 16.11645520014203
-0.3999999999999999 17.03139947722203
-0.35 18.45444569371081
-0.2999999999999999 20.600829539414807
-0.25 23.702045904355966
-0.2 28.03263643632757
-0.1499999999999999 1.058428103405084
-0.09999999999999998 0.0
-0.04999999999999993 0.0
0.0 0.0
