-1.0 0.0
-0.95 0.0
-0.9 -0.012012584533267277
-0.85 0.0622357778849541
-0.8 0.1600012098223913
-0.75 0.1663483549991787
-0.7 0.1614608689494188
-0.6499999999999999 0.15649612869769267
-0.6 0.1477040088977065
-0.55 0.14478468709125053
-0.5 0.14397024015285717
-0.45 0.1504400648742479
-0.3999999999999999 0.15906619901773997
-0.35 0.17539730331034736
-0.2999999999999999 0.19642268136988084
-0.25 0.2220151635187278
-0.2 0.20205750046598123
-0.1499999999999999 -0.005026500246959394
-0.09999999999999998 0.0
-0.04999999999999993 0.0
0.0 0.0
