0.0 50.160863391967396
0.09 51.59730893506378
0.18 52.43964592453532
0.27 53.089799486907175
0.36 54.08552301061758
0.45 54.9775570714222
0.54 57.61064657069348
0.63 58.724475784331744
0.72 61.74177342139046
0.8099999999999999 62.369795496948456
0.8999999999999999 65.02043562932481
0.99 67.33833166687783
1.08 69.64494771566798
1.17 71.89201087186088
1.26 74.80113853322526
1.35 76.04892629301581
1.44 77.38428354016183
1.53 80.67281074979364
1.62 81.27790235883184
1.71 82.50622834969977
1.8 84.633969551993
1.89 85.22533496567402
1.98 84.05362592582276
2.07 86.22071751290811
2.16 85.94521933981123
2.25 84.62607165037272
2.34 84.67054233109965
2.43 84.4409180928914
2.52 81.68699029703934
2.61 80.14517062335051
2.7 78.67092560757209
2.79 78.16441201487137
2.88 75.4064825697762
2.97 71.45713796356743
3.06 71.19803051183055
3.15 68.78711036741352
3.24 65.20092752121803
3.33 61.9519222827724
3.42 59.71042065830647
3.51 56.26931834086325
3.6 53.171365454146525
3.69 50.43380320130499
3.78 47.89409766417123
3.87 44.85371766098529
3.96 41.12387110879387
4.05 37.963194607666026
4.14 35.38293049436045
4.23 32.12992408249289
4.32 29.418655682694315
4.41 28.172166679975856
4.5 0.0
