0.0 25.10596247563542
0.09 25.19047320998186
0.18 25.32710573733808
0.27 25.541545030191894
0.36 25.825126585729816
0.45 26.145004432616027
0.54 26.55289977020499
0.63 26.87681760404943
0.72 27.289005782906266
0.8099999999999999 27.67276066594515
0.8999999999999999 28.05034735109066
0.99 28.437758635907844
1.08 28.763633966931536
1.17 29.02740720369065
1.26 29.235331519199548
1.35 29.45853603406915
1.44 29.50154605736412
1.53 29.51628542493059
1.62 29.45420375505912
1.71 29.268168920478804
1.8 29.01531254224641
1.89 28.673050159948513
1.98 28.272883363375943
2.07 27.746791051374448
2.16 27.2318077023417
2.25 26.597403717157732
2.34 25.88848573746369
2.43 25.130560622647494
2.52 24.284234141769623
2.61 23.477424269774694
2.7 22.57373887032816
2.79 21.64461987522894
2.88 20.7101853374299
2.97 19.710446617596105
3.06 18.748645665058472
3.15 17.713444311440448
3.24 16.715016925285784
3.33 15.667846101874
3.42 14.70361366785913
3.51 13.707128960811849
3.6 12.744855911615057
3.69 11.838911314358528
3.78 10.892742021674135
3.87 10.024325338476993
3.96 9.155477448734517
4.05 8.33854784689901
4.14 7.549887098810739
4.23 6.85107401292787
4.32 6.187437128055318
4.41 5.5421726377640415
4.5 0.0
