0.0 0.1115125082145008
0.1125 0.11187589851497307
0.225 0.11177074780500386
0.3375 0.11140026033823082
0.45 0.11076630216964456
0.5625 0.1088918117973521
0.675 0.1083748041152663
0.7875 0.1075341387392953
0.9 0.10538615504699489
1.0125 0.10388132127005267
1.125 0.10177688456030554
1.2375 0.10049066000002539
1.35 0.09732478859689014
1.4625 0.09522949381228728
1.575 0.09186132358815803
1.6875 0.08830773473497137
1.8 0.08614512942586522
1.9125 0.08136550052530812
2.025 0.07853374350220112
2.1375 0.07432140010628144
2.25 0.0707797398150587
2.3625 0.06672389166509504
2.475 0.06328480767620438
2.5875 0.059103591822898024
2.7 0.055517504367591466
2.8125 0.051401086285694834
2.925 0.04661806386069725
3.0375 0.04381837599388645
3.15 0.04044008464363926
3.2625 0.0364686871034022
3.375 0.03288873772861571
3.4875 0.029159067956715964
3.6 0.025209742519422682
3.7125 0.022976257990750187
3.825 0.019895703100753878
3.9375 0.01747320371933202
4.05 0.014955146260642628
4.162500000000001 0.01286108510096452
4.275 0.010926769381511898
4.3875 0.009726367182477422
4.5 0.0
