0.0 0.03844767295864313
0.1125 0.038373608847923533
0.225 0.03824521223252612
0.3375 0.038095440604524015
0.45 0.03779196376522566
0.5625 0.03741837693248026
0.675 0.03700486918184909
0.7875 0.03646841447447824
0.9 0.03586494546027437
1.0125 0.035148659419301356
1.125 0.03432359927305485
1.2375 0.03345059175003781
1.35 0.03252948749160717
1.4625 0.03145207264404963
1.575 0.03036981038464224
1.6875 0.029181536244578327
1.8 0.0279553754695487
1.9125 0.026680085134476818
2.025 0.025335065202271637
2.1375 0.024015987355132776
2.25 0.022648828990684072
2.3625 0.021240986380165177
2.475 0.01986758886492573
2.5875 0.018456061993691424
2.7 0.01706232842180006
2.8125 0.01571133757617566
2.925 0.014412421400152808
3.0375 0.013112586209296565
3.15 0.011849222410874596
3.2625 0.010705783687736226
3.375 0.009563400873091106
3.4875 0.008518953710085445
3.6 0.007503812238096623
3.7125 0.006604016987867425
3.825 0.005765343740731384
3.9375 0.004993051777270105
4.05 0.004312538735621653
4.162500000000001 0.0036703783423561883
4.275 0.0031361295145959
4.3875 0.0026253410397887402
4.5 0.0
