0.0 0.02979829782954638
0.09 0.02987766476373138
0.18 0.030230078025996764
0.27 0.030759013368825198
0.36 0.031361933268977495
0.45 0.03213797651856431
0.54 0.03305453285498395
0.63 0.03405442798846769
0.72 0.03515215824093707
0.8099999999999999 0.036334808725831336
0.8999999999999999 0.037642447531673943
0.99 0.03893915399952401
1.08 0.04022336145151784
1.17 0.04162895663409084
1.26 0.0429376801372879
1.35 0.04430145356115209
1.44 0.04561666078420121
1.53 0.04672340195326591
1.62 0.04774673083707652
1.71 0.048741935331848125
1.8 0.049528988051329874
1.89 0.05033317200564201
1.98 0.05076231190428388
2.07 0.05130330893916547
2.16 0.05139578402334318
2.25 0.05141396566898065
2.34 0.05144894829066287
2.43 0.051083081663305184
2.52 0.050626389684558376
2.61 0.05012976368353575
2.7 0.04945499700980532
2.79 0.048528243761833935
2.88 0.04756383433931017
2.97 0.04652428717810748
3.06 0.045176492247180774
3.15 0.043784929766029074
3.24 0.04240811984631903
3.33 0.040793899988238166
3.42 0.039179636606025116
3.51 0.03756826372693775
3.6 0.03590927527856293
3.69 0.03406948130841613
3.78 0.03224538912513447
3.87 0.03042866057071211
3.96 0.028735156174174024
4.05 0.0268186466405207
4.14 0.025015692620561903
4.23 0.02333928599111632
4.32 0.02158473408915282
4.41 0.019892618063280732
4.5 0.0
