0.0 12.432470618923242
0.1125 12.389183497267659
0.225 12.361281350511213
0.3375 12.28179423741322
0.45 12.203172615435895
0.5625 12.094037425274728
0.675 11.959544353700023
0.7875 11.77576366847742
0.9 11.58781222005877
1.0125 11.367493689037408
1.125 11.10659003478591
1.2375 10.813010231925402
1.35 10.525138915680063
1.4625 10.195513145940444
1.575 9.829240874919199
1.6875 9.451587116888557
1.8 9.059128889715913
1.9125 8.654213125063983
2.025 8.220320947606798
2.1375 7.784973964933926
2.25 7.360159667444107
2.3625 6.894542829554859
2.475 6.459513588114208
2.5875 6.012636367673893
2.7 5.556732914301119
2.8125 5.13180587941937
2.925 4.705242837807637
3.0375 4.292342435627753
3.15 3.8800890844980014
3.2625 3.501062590488707
3.375 3.1372203508398884
3.4875 2.7980075535880227
3.6 2.4704913685212757
3.7125 2.164288087041053
3.825 1.8928244489665293
3.9375 1.650158675033629
4.05 1.4142726819744371
4.162500000000001 1.212218413300255
4.275 1.032380566082866
4.3875 0.8729072327125456
4.5 0.0
