0.0 8226.874047273865
0.09 8241.694085178147
0.18 8302.346764274673
0.27 8363.877742421952
0.36 8448.878057043645
0.45 8550.975790880851
0.54 8679.185172471374
0.63 8792.04476302419
0.72 8926.76049255143
0.8099999999999999 9075.396513044792
0.8999999999999999 9201.271609264695
0.99 9314.520315652733
1.08 9417.1730072705
1.17 9506.892851792752
1.26 9579.055439560456
1.35 9618.459956935269
1.44 9643.605757127347
1.53 9624.304048507289
1.62 9608.34785859744
1.71 9555.660102705562
1.8 9463.344776280639
1.89 9328.33337342044
1.98 9195.711941011008
2.07 9047.876072215464
2.16 8832.487565251262
2.25 8648.215545709038
2.34 8411.478896319277
2.43 8159.104401728435
2.52 7884.267476595266
2.61 7609.07439149676
2.7 7307.514932561297
2.79 6994.17728715896
2.88 6675.819649359671
2.97 6353.601764696212
3.06 6032.355512550886
3.15 5689.356032327287
3.24 5368.3180215512475
3.33 5044.647487396012
3.42 4716.2152536613
3.51 4390.560541054755
3.6 4071.2149552155092
3.69 3767.318286707847
3.78 3461.1198007776698
3.87 3185.8163401632078
3.96 2896.7832120405187
4.05 2639.1589399768854
4.14 2389.7207596824655
4.23 2161.4582860149826
4.32 1941.967165752685
4.41 1733.615238001629
4.5 0.0
