0.0 54.9042603051818
0.09 55.068137973713235
0.18 55.55718376333485
0.27 56.30055839901709
0.36 57.18705985470731
0.45 58.282980951180335
0.54 59.607432625188935
0.63 60.931245592517115
0.72 62.441164023843335
0.8099999999999999 64.00756939177649
0.8999999999999999 65.6927948827646
0.99 67.37691263543185
1.08 68.98699541844937
1.17 70.65636383778148
1.26 72.17301165648745
1.35 73.75998959522124
1.44 75.11820684156532
1.53 76.23968737819649
1.62 77.20093459213564
1.71 78.01010425232693
1.8 78.54430059357628
1.89 79.00622216559053
1.98 79.03519526765983
2.07 79.05009999053992
2.16 78.62759172568488
2.25 78.01136938613837
2.34 77.33743402812655
2.43 76.21364228595267
2.52 74.91062382632799
2.61 73.60718795331044
2.7 72.02873588013348
2.79 70.17286363706287
2.88 68.27401967674007
2.97 66.23473379570359
3.06 63.92513791223925
3.15 61.49837407746952
3.24 59.12313677160482
3.33 56.461746090112165
3.42 53.883250273884244
3.51 51.2753926877496
3.6 48.65413119017798
3.69 45.908392622774656
3.78 43.138131146808604
3.87 40.4529859091891
3.96 37.89063362290854
4.05 35.15719448741971
4.14 32.56557971937264
4.23 30.19036000404419
4.32 27.772171217208136
4.41 25.434790701044776
4.5 0.0
