0.0 108.22929259430788
0.1125 108.06743015009938
0.225 107.75070811944977
0.3375 107.30441879014876
0.45 106.6332161385235
0.5625 105.75372445017567
0.675 104.67599431332143
0.7875 103.4379765158204
0.9 101.9492125740463
1.0125 100.13083143958987
1.125 98.10752845567256
1.2375 95.90214203659242
1.35 93.45143322868554
1.4625 90.73613357826227
1.575 87.7981682145147
1.6875 84.74746053477409
1.8 81.44008006588442
1.9125 78.06419661574698
2.025 74.42995400072608
2.1375 70.73168974390073
2.25 67.02999862645933
2.3625 63.277118361588734
2.475 59.312230475915186
2.5875 55.42312346267104
2.7 51.525175333175085
2.8125 47.6533226976133
2.925 43.868753982065805
3.0375 40.22822317813064
3.15 36.53975192235556
3.2625 33.07333825341432
3.375 29.738141023970712
3.4875 26.58335236519248
3.6 23.64822449718862
3.7125 20.835961596163877
3.825 18.267196216068402
3.9375 15.888005273036466
4.05 13.713519630554618
4.162500000000001 11.792401268500512
4.275 10.054956599583981
4.3875 8.523896433189268
4.5 0.0
