0.0 0.06978161963566475
0.1125 0.06969382130217586
0.225 0.06950549588692366
0.3375 0.06920897818562474
0.45 0.06884125237329784
0.5625 0.06833534751769542
0.675 0.06767112513147233
0.7875 0.06696956204134216
0.9 0.06608426711377192
1.0125 0.06498217202028851
1.125 0.06378392918261772
1.2375 0.062451550286554615
1.35 0.06092194573707838
1.4625 0.05928406093421264
1.575 0.05742835782987247
1.6875 0.055565924290195766
1.8 0.053484704596335725
1.9125 0.05138411148127016
2.025 0.04909488879845445
2.1375 0.04671570238876796
2.25 0.044381169635775264
2.3625 0.04203613198142356
2.475 0.039444641610989456
2.5875 0.036967061468979615
2.7 0.03446284691137502
2.8125 0.03194198512143764
2.925 0.029456332581912995
3.0375 0.027115636968834074
3.15 0.024690529511480968
3.2625 0.022367554565678092
3.375 0.020174740150879604
3.4875 0.018064398655107033
3.6 0.016144412259092
3.7125 0.014231944608296455
3.825 0.012501852475337017
3.9375 0.010894953495766361
4.05 0.009400980894932966
4.162500000000001 0.008122022926144326
4.275 0.006918827084988083
4.3875 0.005898555393400529
4.5 0.0
