0.0 247.47123474083872
0.01 247.13248297331882
0.02 246.58800596284215
0.03 247.15004373723883
0.04 246.2573532506062
0.05 245.34368248389057
0.06 245.18065519655676
0.07 244.17465031357645
0.08 243.59167661113634
0.09 242.714603087872
0.1 241.72371818959965
0.11 241.21843803217203
0.12 239.99384988942214
0.13 238.76985256719004
0.14 236.89528443881898
0.15 235.96578628835607
0.16 235.12391646797764
0.17 233.19432601936828
0.18 232.39176093811437
0.19 230.59162959402155
0.2 229.06226201259707
0.21 228.57407673538822
0.22 227.13880298222077
0.23 224.58690225757377
0.24 223.45353555036993
0.25 221.56648446128435
0.26 220.42146114258986
0.27 218.48067031363345
0.28 217.7748007401365
0.29 216.23766551777632
0.3 214.1844659763978
0.31 212.36154972064332
0.32 210.93532486531328
0.33 210.23094002920303
0.34 208.11325293271946
0.35 206.90542032927337
0.36 205.68763242524884
0.37 203.40386310079657
0.38 201.99685787545363
0.39 200.83324997883074
0.4 199.38287280911254
0.41 197.81689471602786
0.42 196.2580272656243
0.43 195.28296717999953
0.44 194.41094908890744
0.45 193.23871228884997
0.46 190.71475365109862
0.47 190.21651166541477
0.48 188.69892082529452
0.49 187.4211911715189
0.5 186.65535190896398
0.51 185.13835730983016
0.52 183.64354680691187
0.53 182.79777764375785
0.54 181.40911244240806
0.55 180.2839016264197
0.56 179.31594117948129
0.5700000000000001 178.57495719506724
0.58 177.88105883844824
0.59 176.43976983862225
0.6 175.39228165128307
0.61 174.4293552098061
0.62 173.8782389507117
0.63 173.21337396424536
0.64 171.742791738694
0.65 171.19670312578256
0.66 169.90033451759965
0.67 169.52525273973416
0.68 168.90801480174815
0.6900000000000001 168.00684579332707
0.7000000000000001 167.04563654425536
0.71 166.23265220236087
0.72 165.55624127075706
0.73 165.5224425730292
0.74 164.67192758913404
0.75 164.23522604150492
0.76 163.5348771486218
0.77 163.0021415396102
0.78 162.5883030642542
0.79 161.67054951705853
0.8 161.66821159053026
0.81 160.57821666875122
0.8200000000000001 160.79532327456945
0.8300000000000001 160.16513550642085
0.84 160.17610947484224
0.85 159.56339142644427
0.86 158.5276565375135
0.87 158.69985841494406
0.88 158.01361266427466
0.89 158.39310411007204
0.9 158.2195260408507
0.91 157.77914799321925
0.92 157.53621588661807
0.93 157.51001727160445
0.9400000000000001 157.49338270750505
0.9500000000000001 156.65510609578357
0.96 156.86114315085823
0.97 157.34197206574106
0.98 157.0565778263258
0.99 157.04499797635884
1.0 0.0
