0.0 0.200057588610738
0.01 0.1993351154825635
0.02 0.19786822817977967
0.03 0.19596560811818575
0.04 0.1936173186108371
0.05 0.1911642072365567
0.06 0.18859111629518277
0.07 0.185883520032812
0.08 0.18234296510994397
0.09 0.17932956854536827
0.1 0.176458624888044
0.11 0.17243411910200987
0.12 0.16950324702082933
0.13 0.16637420212571044
0.14 0.16265098589994592
0.15 0.15967893382622503
0.16 0.15662884144256664
0.17 0.15331989118785547
0.18 0.15024250546574902
0.19 0.14719169412292873
0.2 0.14453827005310907
0.21 0.1411369434064686
0.22 0.13827326049946345
0.23 0.13543898216479122
0.24 0.13298537125062482
0.25 0.12983805560154943
0.26 0.12768130771109568
0.27 0.12539705682417307
0.28 0.12247727060508536
0.29 0.12008171786075164
0.3 0.11800327821334697
0.31 0.11527436536612358
0.32 0.11337101027723082
0.33 0.1111118467653183
0.34 0.10930734731162213
0.35 0.10740936948258098
0.36 0.10522118424338936
0.37 0.10308831120724603
0.38 0.10127593064131897
0.39 0.0997398533789088
0.4 0.09790558520631162
0.41 0.09623727446716177
0.42 0.0947482814028391
0.43 0.09294011030433966
0.44 0.09147764295410844
0.45 0.09027858575868845
0.46 0.08876332314239158
0.47 0.08746351132744012
0.48 0.08616305677519583
0.49 0.08475932569018454
0.5 0.08390524819353573
0.51 0.08226406003920834
0.52 0.08133630295581026
0.53 0.08026007997096095
0.54 0.07906083219506406
0.55 0.07803633682107959
0.56 0.07718307740655693
0.5700000000000001 0.07581132184559279
0.58 0.07507633181647712
0.59 0.07430202530811783
0.6 0.07321607004144158
0.61 0.07237702587121038
0.62 0.07156184769953253
0.63 0.07065922719691918
0.64 0.07015274965385075
0.65 0.06959980140827253
0.66 0.0688333960422512
0.67 0.06795361068353786
0.68 0.06728247545441368
0.6900000000000001 0.06678657860297463
0.7000000000000001 0.06601949799010944
0.71 0.0654233302788088
0.72 0.06510129438633917
0.73 0.06444039289028435
0.74 0.06408551697194349
0.75 0.06363792223958792
0.76 0.06315490069961975
0.77 0.06258456173220014
0.78 0.062394421376838295
0.79 0.06182016185201741
0.8 0.061457557488162076
0.81 0.061155335904575364
0.8200000000000001 0.06076409519057446
0.8300000000000001 0.06059779857585422
0.84 0.06030975112108413
0.85 0.0599409765107896
0.86 0.0595482596368856
0.87 0.0594368805461592
0.88 0.059238738605316525
0.89 0.05912482027276034
0.9 0.0589006888454675
0.91 0.05857253739998634
0.92 0.058717905762656834
0.93 0.058424784390511485
0.9400000000000001 0.058319773920366365
0.9500000000000001 0.058468123119083344
0.96 0.05800495214417934
0.97 0.05810863524658927
0.98 0.057966219262229925
0.99 0.05830265215678202
1.0 0.0
