0.0 0.44752882335157673
0.01 0.44646759845588235
0.02 0.4444562341426218
0.03 0.44311565185542456
0.04 0.43987467186144336
0.05 0.4365078897204473
0.06 0.4337717714917395
0.07 0.4300581703463885
0.08 0.4259346417210803
0.09 0.42204417163324026
0.1 0.4181823430776437
0.11 0.4136525571341819
0.12 0.4094970969102515
0.13 0.4051440546929005
0.14 0.3995462703387649
0.15 0.39564472011458107
0.16 0.3917527579105443
0.17 0.3865142172072238
0.18 0.3826342664038634
0.19 0.3777833237169503
0.2 0.37360053206570615
0.21 0.3697110201418568
0.22 0.3654120634816842
0.23 0.360025884422365
0.24 0.35643890680099477
0.25 0.3514045400628338
0.26 0.3481027688536855
0.27 0.3438777271378065
0.28 0.34025207134522184
0.29 0.33631938337852796
0.3 0.3321877441897448
0.31 0.3276359150867669
0.32 0.3243063351425441
0.33 0.32134278679452133
0.34 0.3174206002443416
0.35 0.31431478981185434
0.36 0.31090881666863823
0.37 0.3064921743080426
0.38 0.3032727885167726
0.39 0.3005731033577395
0.4 0.29728845801542414
0.41 0.2940541691831896
0.42 0.2910063086684634
0.43 0.2882230774843392
0.44 0.28588859204301587
0.45 0.28351729804753845
0.46 0.27947807679349024
0.47 0.2776800229928549
0.48 0.27486197760049036
0.49 0.2721805168617034
0.5 0.2705606001024997
0.51 0.2674024173490385
0.52 0.26497984976272215
0.53 0.2630578576147188
0.54 0.26046994463747214
0.55 0.2583202384474993
0.56 0.25649901858603824
0.5700000000000001 0.25438627904066
0.58 0.25295739065492534
0.59 0.2507417951467401
0.6 0.24860835169272466
0.61 0.2468063810810165
0.62 0.24544008665024422
0.63 0.24387260116116455
0.64 0.24189554139254477
0.65 0.2407965045340551
0.66 0.23873373055985084
0.67 0.237478863423272
0.68 0.23619049025616184
0.6900000000000001 0.23479342439630171
0.7000000000000001 0.23306513453436478
0.71 0.23165598248116964
0.72 0.23065753565709624
0.73 0.22996283546331353
0.74 0.22875744456107755
0.75 0.22787314828109284
0.76 0.22668977784824157
0.77 0.22558670327181035
0.78 0.2249827244410925
0.79 0.22349071136907595
0.8 0.22312576907869236
0.81 0.22173355257332658
0.8200000000000001 0.22155941846514393
0.8300000000000001 0.2207629340822751
0.84 0.22048586059592637
0.85 0.21950436793723388
0.86 0.21807591617439911
0.87 0.21813673896110325
0.88 0.2172523512695912
0.89 0.21751792438283238
0.9 0.21712021488631822
0.91 0.2163516853932056
0.92 0.2162541216492749
0.93 0.21593480166211595
0.9400000000000001 0.2158131566278714
0.9500000000000001 0.2151232292148669
0.96 0.21486609529503756
0.97 0.21545060731233034
0.98 0.2150227970885557
0.99 0.21534765013314086
1.0 0.0
