0.0 66385.72857924605
0.01 66275.06090590288
0.02 65785.64208229387
0.03 65216.314463930314
0.04 64422.67680271658
0.05 63669.659500751484
0.06 62775.31949622075
0.07 61793.85821612929
0.08 60699.066126100646
0.09 59521.12914219903
0.1 58488.742942541714
0.11 57412.23206408791
0.12 56209.83895356605
0.13 55247.097319125256
0.14 54035.22242533964
0.15 52989.90388907191
0.16 51856.81438851957
0.17 50701.07701892405
0.18 49637.93307591903
0.19 48531.26443068554
0.2 47539.68340074405
0.21 46532.49973622435
0.22 45550.15361594418
0.23 44590.73586338824
0.24 43708.41090701869
0.25 42651.200768183604
0.26 41821.93521199522
0.27 40901.8225444437
0.28 40120.33447649809
0.29 39259.7067541156
0.3 38464.64944451184
0.31 37683.53066563821
0.32 36925.090652664105
0.33 36279.944872655076
0.34 35519.4179198428
0.35 34734.28492058904
0.36 34110.08676858016
0.37 33480.856744021075
0.38 32861.21583424369
0.39 32263.725671211472
0.4 31691.817491251557
0.41 31096.73766132564
0.42 30504.88055119765
0.43 30035.308838282883
0.44 29465.576225870856
0.45 28947.68420664464
0.46 28494.636409242336
0.47 28010.099120659394
0.48 27519.12269588933
0.49 27170.65206651208
0.5 26757.422013702613
0.51 26312.808987758734
0.52 25912.224986313766
0.53 25587.3308313546
0.54 25183.83546182088
0.55 24755.977720588013
0.56 24498.823076272223
0.5700000000000001 24210.22886861058
0.58 23854.945479494894
0.59 23554.474965993602
0.6 23255.695223701772
0.61 22921.506584969728
0.62 22683.545506946622
0.63 22374.513630942787
0.64 22211.318537661693
0.65 21914.57956736032
0.66 21759.50538092015
0.67 21437.881371719475
0.68 21286.018600067164
0.6900000000000001 21001.53324130773
0.7000000000000001 20830.22191969938
0.71 20633.773409261532
0.72 20480.217576608564
0.73 20274.48523932405
0.74 20093.083501580706
0.75 19953.352956285857
0.76 19789.108397165848
0.77 19628.144832721417
0.78 19480.46467031849
0.79 19369.035673987615
0.8 19270.66665695199
0.81 19178.76696307903
0.8200000000000001 19044.919099505565
0.8300000000000001 18954.525672001426
0.84 18814.76034807294
0.85 18724.431353525037
0.86 18669.11873270284
0.87 18578.106938693065
0.88 18465.994850547264
0.89 18425.178918493897
0.9 18406.771093653137
0.91 18345.084542517427
0.92 18301.30635504124
0.93 18259.727951438283
0.9400000000000001 18195.579609669756
0.9500000000000001 18133.306643248307
0.96 18193.674521182907
0.97 18149.276657035298
0.98 18205.022893741432
0.99 18094.138862676602
1.0 0.0
