0.0 0.4723320403617135
0.01 0.47297006568395294
0.02 0.47540258213595327
0.03 0.4700327400150326
0.04 0.47005710992959165
0.05 0.47261704321572934
0.06 0.45361999721463925
0.07 0.45995762484520236
0.08 0.44824041283658145
0.09 0.4437492027812076
0.1 0.4374434149467896
0.11 0.4344931186912803
0.12 0.4376616494263581
0.13 0.43473680623970645
0.14 0.4220574025959938
0.15 0.41624697686528295
0.16 0.41690161414319493
0.17 0.4068186260241907
0.18 0.4072429554295706
0.19 0.40529681926054606
0.2 0.4005727003573227
0.21 0.38353289381458755
0.22 0.3863125151779255
0.23 0.37717525300513993
0.24 0.3766813843285387
0.25 0.37298472392580334
0.26 0.37539221294324693
0.27 0.3635882538027548
0.28 0.360200250937449
0.29 0.3553675263943612
0.3 0.35526128360177356
0.31 0.34587007615414206
0.32 0.33893418972927813
0.33 0.3380444404442312
0.34 0.33115455742601096
0.35 0.3310050685849849
0.36 0.3270684198761734
0.37 0.3225316369254284
0.38 0.3164270102935669
0.39 0.3177283383702809
0.4 0.3115460279288616
0.41 0.3096268234260092
0.42 0.3069328862554221
0.43 0.30431793747891445
0.44 0.2945512156189543
0.45 0.30175153643059455
0.46 0.2940322121124026
0.47 0.2858539666606001
0.48 0.28730013743265165
0.49 0.28640147263296833
0.5 0.28117451922156395
0.51 0.28197691561467814
0.52 0.28428985580272137
0.53 0.26928785858111787
0.54 0.26572597325759195
0.55 0.2738343151673473
0.56 0.26847648696797666
0.5700000000000001 0.26027775471577097
0.58 0.27153404022022753
0.59 0.26145788719877633
0.6 0.2586461372791091
0.61 0.25653402313172985
0.62 0.256276167184686
0.63 0.2520132682115869
0.64 0.2569537838878498
0.65 0.2493424955754164
0.66 0.24926834374714646
0.67 0.24609164662015862
0.68 0.24749623480461494
0.6900000000000001 0.24458555037728888
0.7000000000000001 0.2426258321759912
0.71 0.24382071573109118
0.72 0.2452045842204445
0.73 0.2400595027659793
0.74 0.23960894013247347
0.75 0.23784774140428938
0.76 0.23594314371154057
0.77 0.2403363733352543
0.78 0.23694113234596909
0.79 0.23083809966284552
0.8 0.23520315444473902
0.81 0.23446394095908066
0.8200000000000001 0.23152986938503553
0.8300000000000001 0.2280658243770317
0.84 0.22620325083398485
0.85 0.22751680705606747
0.86 0.2244561797448545
0.87 0.22611495151790842
0.88 0.23058306608939727
0.89 0.23135137730836489
0.9 0.22410880347461098
0.91 0.2301125060881784
0.92 0.2203918471153824
0.93 0.2216633008196239
0.9400000000000001 0.22400485751858643
0.9500000000000001 0.2266314591590987
0.96 0.22659402756936214
0.97 0.21957354538918802
0.98 0.22808895924475878
0.99 0.22179127760960313
1.0 0.0
