-1.0 156.96304587910345
-0.92 138.11047543928274
-0.84 122.54513167281961
-0.76 114.07148182112454
-0.6799999999999999 111.87258151062463
-0.6 104.52975218133008
-0.52 103.20374577557841
-0.4399999999999999 100.21903510933666
-0.36 101.18230028849523
-0.28 96.7747157628415
-0.2 95.96630968124366
-0.12 95.11843238545846
-0.04000000000000004 91.5057873618975
0.04000000000000004 91.48980807765653
0.1200000000000001 90.06282319412232
0.2 89.39424174012022
0.28 87.7058326856478
0.3600000000000001 85.98467416757441
0.4399999999999999 86.32123097017201
0.52 86.4283569312469
0.6000000000000001 86.99332523540943
0.6799999999999999 85.13501173063952
0.76 83.91990617864923
0.8400000000000001 85.25475800575381
0.9199999999999999 84.43797948264107
1.0 85.82782529333117
