-1.0 0.09876747219152764
-0.98 0.09344254034057575
-0.96 0.09042199831135837
-0.94 0.08803072371863097
-0.92 0.08658667630765898
-0.9 0.08483074948029745
-0.88 0.08338610641933589
-0.86 0.08226412648335413
-0.84 0.08149042414313803
-0.8200000000000001 0.0806908225144232
-0.8 0.07998132257973611
-0.78 0.07930491157541487
-0.76 0.07877164733939072
-0.74 0.0784538332746112
-0.72 0.077814995145403
-0.7 0.0776882853308643
-0.6799999999999999 0.07715037809166711
-0.6599999999999999 0.07704280984972703
-0.64 0.07650043594988482
-0.62 0.07642702917649039
-0.6 0.07637046790209895
-0.5800000000000001 0.07610199281232144
-0.56 0.07595353883907624
-0.54 0.07619620372419336
-0.52 0.07615947146474329
-0.5 0.0760606858126405
-0.48 0.07642704159390115
-0.46 0.07603588847471528
-0.4399999999999999 0.07617419733805642
-0.42 0.07628171506814119
-0.4 0.0763719447429084
-0.38 0.0766727419098052
-0.36 0.07689657490057593
-0.34 0.07684534238847009
-0.32 0.07738966092923567
-0.2999999999999999 0.07770939525248766
-0.28 0.07802912307412879
-0.26 0.07834204961743149
-0.24 0.07861666073805626
-0.22 0.07911959327681164
-0.2 0.07943717666563337
-0.1799999999999999 0.07985254689456978
-0.16 0.08046997932243688
-0.14 0.0810660487584178
-0.12 0.08155587623833441
-0.09999999999999998 0.08187581486193952
-0.07999999999999996 0.08254992539579861
-0.05999999999999994 0.08339554905472188
-0.04000000000000004 0.083863648103395
-0.02000000000000002 0.0846671757462559
0.0 0.08544583231988961
0.02000000000000002 0.08621763112636682
0.04000000000000004 0.08731236205560053
0.06000000000000005 0.08782437490843617
0.08000000000000007 0.08880624579289488
0.1000000000000001 0.08996632718614753
0.1200000000000001 0.09076194114615516
0.1400000000000001 0.09194702804561053
0.1599999999999999 0.09314950764325372
0.1799999999999999 0.09427204924355498
0.2 0.09547710025188579
0.22 0.09685333915315233
0.24 0.09826995322768917
0.26 0.09994515539898097
0.28 0.10163349958865861
0.3 0.10338886486582766
0.3200000000000001 0.10519460422542729
0.3400000000000001 0.10700996201425486
0.3600000000000001 0.10923643621312146
0.3800000000000001 0.1111696461382134
0.4000000000000001 0.11327435661553283
0.4199999999999999 0.11588922859843011
0.4399999999999999 0.11861213815154634
0.46 0.12155094998699063
0.48 0.12427784159516642
0.5 0.12762350232934794
0.52 0.13109959375164526
0.54 0.13486602979482734
0.56 0.1393762429058566
0.5800000000000001 0.14394753858022502
0.6000000000000001 0.14860268689876513
0.6200000000000001 0.15412218967992664
0.6400000000000001 0.15994281174386532
0.6600000000000001 0.1664637187292604
0.6799999999999999 0.17367511384642575
0.7 0.1819938034675928
0.72 0.1912702608575598
0.74 0.20207999627441897
0.76 0.2145028934081178
0.78 0.228993264948313
0.8 0.24565176576244313
0.8200000000000001 0.2655811687063459
0.8400000000000001 0.2903468100282064
0.8600000000000001 0.3212677983937663
0.8800000000000001 0.3621442345083851
0.9000000000000001 0.41628435104162886
0.9199999999999999 0.4955237890748412
0.94 0.6232293733317373
0.96 0.8727369737384135
0.98 1.8606735129654777
1.0 0.0
