-1.0 0.055083568620859266
-0.98 0.04994618059906988
-0.96 0.04705198928986524
-0.94 0.04477991696508327
-0.92 0.043166630437954795
-0.9 0.041579179334961185
-0.88 0.04015361567223742
-0.86 0.039208772753225436
-0.84 0.03821968349851869
-0.8200000000000001 0.03741674989022506
-0.8 0.036751758612723895
-0.78 0.03609859640721719
-0.76 0.03534626363240817
-0.74 0.03489849047996899
-0.72 0.034462667368165695
-0.7 0.033988522572704405
-0.6799999999999999 0.033560631576894935
-0.6599999999999999 0.03325466552356879
-0.64 0.032805581074887305
-0.62 0.032484883269122106
-0.6 0.03223628378284702
-0.5800000000000001 0.03188446865793033
-0.56 0.031465921316078144
-0.54 0.03141836004055294
-0.52 0.031215195503236672
-0.5 0.031077119471394927
-0.48 0.030981782790126415
-0.46 0.03084899671152388
-0.4399999999999999 0.030632471126910095
-0.42 0.030429017921200806
-0.4 0.030418701778787468
-0.38 0.030427835800854768
-0.36 0.030269175448150117
-0.34 0.030183960198078206
-0.32 0.030187195180126535
-0.2999999999999999 0.03016003811112829
-0.28 0.03020730644630457
-0.26 0.030158643742182807
-0.24 0.030154687228474582
-0.22 0.030266220251214854
-0.2 0.03014445032869963
-0.1799999999999999 0.03020110954026585
-0.16 0.03045080555880688
-0.14 0.030465810913370566
-0.12 0.030554211193039846
-0.09999999999999998 0.03049474524163875
-0.07999999999999996 0.030685275911058636
-0.05999999999999994 0.030934217204137318
-0.04000000000000004 0.031000802841541934
-0.02000000000000002 0.031134816399393972
0.0 0.0313180840960556
0.02000000000000002 0.03147746776268881
0.04000000000000004 0.03177540974637624
0.06000000000000005 0.03186072850485856
0.08000000000000007 0.03215247802163257
0.1000000000000001 0.03233494269396379
0.1200000000000001 0.03272626097443474
0.1400000000000001 0.03301309539872812
0.1599999999999999 0.03337933880551113
0.1799999999999999 0.03363732828454227
0.2 0.033981324569447045
0.22 0.03431261070653813
0.24 0.03477788238258323
0.26 0.035219306369314446
0.28 0.035754354298543754
0.3 0.03613198077095368
0.3200000000000001 0.03673212700156577
0.3400000000000001 0.03727740438913393
0.3600000000000001 0.03787206141197008
0.3800000000000001 0.03853450145566145
0.4000000000000001 0.03911595482739552
0.4199999999999999 0.03991539934725402
0.4399999999999999 0.04072962754657514
0.46 0.04156097554584509
0.48 0.04256239548185987
0.5 0.04355653178682463
0.52 0.04454334820507356
0.54 0.04573325748554609
0.56 0.04690849187468349
0.5800000000000001 0.04851059450145025
0.6000000000000001 0.04985537581369834
0.6200000000000001 0.05161782795294495
0.6400000000000001 0.053443148168005015
0.6600000000000001 0.05536830655554564
0.6799999999999999 0.057517686077921334
0.7 0.06010432652482966
0.72 0.06278561581616776
0.74 0.06615192132540985
0.76 0.0698643201347962
0.78 0.07427361127165684
0.8 0.07940760527141492
0.8200000000000001 0.08517400118293662
0.8400000000000001 0.09241525175657751
0.8600000000000001 0.10143734924745303
0.8800000000000001 0.11339805186930667
0.9000000000000001 0.12908812343828002
0.9199999999999999 0.15125241074937373
0.94 0.1861138159489196
0.96 0.25082553276341235
0.98 0.4669057781262389
1.0 0.0
