-1.0 0.04368390357066837
-0.98 0.04349635974150588
-0.96 0.043370009021493135
-0.94 0.04325080675354769
-0.92 0.04342004586970419
-0.9 0.04325157014533626
-0.88 0.043232490747098465
-0.86 0.04305535373012869
-0.84 0.04327074064461934
-0.8200000000000001 0.043274072624198134
-0.8 0.043229563967012226
-0.78 0.04320631516819769
-0.76 0.043425383706982554
-0.74 0.043555342794642196
-0.72 0.043352327777237305
-0.7 0.0436997627581599
-0.6799999999999999 0.043589746514772175
-0.6599999999999999 0.04378814432615823
-0.64 0.04369485487499752
-0.62 0.04394214590736828
-0.6 0.04413418411925193
-0.5800000000000001 0.044217524154391105
-0.56 0.0444876175229981
-0.54 0.04477784368364043
-0.52 0.04494427596150662
-0.5 0.044983566341245576
-0.48 0.045445258803774743
-0.46 0.0451868917631914
-0.4399999999999999 0.04554172621114633
-0.42 0.04585269714694038
-0.4 0.04595324296412093
-0.38 0.046244906108950434
-0.36 0.04662739945242581
-0.34 0.04666138219039188
-0.32 0.047202465749109135
-0.2999999999999999 0.04754935714135937
-0.28 0.04782181662782422
-0.26 0.048183405875248685
-0.24 0.04846197350958168
-0.22 0.048853373025596794
-0.2 0.04929272633693374
-0.1799999999999999 0.04965143735430393
-0.16 0.05001917376363001
-0.14 0.05060023784504724
-0.12 0.051001665045294554
-0.09999999999999998 0.05138106962030077
-0.07999999999999996 0.051864649484739976
-0.05999999999999994 0.052461331850584554
-0.04000000000000004 0.052862845261853066
-0.02000000000000002 0.05353235934686194
0.0 0.05412774822383402
0.02000000000000002 0.054740163363678006
0.04000000000000004 0.05553695230922428
0.06000000000000005 0.055963646403577615
0.08000000000000007 0.05665376777126231
0.1000000000000001 0.05763138449218374
0.1200000000000001 0.058035680171720415
0.1400000000000001 0.05893393264688242
0.1599999999999999 0.059770168837742596
0.1799999999999999 0.060634720959012706
0.2 0.06149577568243874
0.22 0.06254072844661421
0.24 0.06349207084510593
0.26 0.06472584902966652
0.28 0.06587914529011486
0.3 0.06725688409487399
0.3200000000000001 0.06846247722386152
0.3400000000000001 0.06973255762512093
0.3600000000000001 0.07136437480115138
0.3800000000000001 0.07263514468255194
0.4000000000000001 0.0741584017881373
0.4199999999999999 0.07597382925117609
0.4399999999999999 0.0778825106049712
0.46 0.07998997444114554
0.48 0.08171544611330656
0.5 0.08406697054252332
0.52 0.08655624554657171
0.54 0.08913277230928125
0.56 0.09246775103117312
0.5800000000000001 0.09543694407877477
0.6000000000000001 0.09874731108506679
0.6200000000000001 0.10250436172698167
0.6400000000000001 0.10649966357586031
0.6600000000000001 0.11109541217371476
0.6799999999999999 0.1161574277685044
0.7 0.12188947694276314
0.72 0.12848464504139204
0.74 0.1359280749490091
0.76 0.1446385732733216
0.78 0.1547196536766562
0.8 0.1662441604910282
0.8200000000000001 0.1804071675234093
0.8400000000000001 0.19793155827162887
0.8600000000000001 0.21983044914631328
0.8800000000000001 0.24874618263907847
0.9000000000000001 0.28719622760334884
0.9199999999999999 0.34427137832546745
0.94 0.43711555738281777
0.96 0.6219114409750012
0.98 1.3937677348392388
1.0 0.0
