-1.0 20.03568064995764
-0.98 17.990769419878585
-0.96 16.76594280396181
-0.94 15.837186841997577
-0.92 15.102655190129102
-0.9 14.572567255871936
-0.88 14.027692983211471
-0.86 13.627966693239493
-0.84 13.248352409123276
-0.8200000000000001 12.885816502385715
-0.8 12.66953645773107
-0.78 12.368471293129453
-0.76 12.151243464237993
-0.74 11.927434525835952
-0.72 11.683070902132558
-0.7 11.545563173311319
-0.6799999999999999 11.361648545182623
-0.6599999999999999 11.213476799372422
-0.64 11.071765233301097
-0.62 10.94141357609661
-0.6 10.808082370350427
-0.5800000000000001 10.73194202366665
-0.56 10.629542321393801
-0.54 10.543596679902091
-0.52 10.493942183791884
-0.5 10.403011936162471
-0.48 10.320147648838569
-0.46 10.283574928057156
-0.4399999999999999 10.21410125067045
-0.42 10.162600462626456
-0.4 10.125519381401686
-0.38 10.074921825466577
-0.36 10.050063450533365
-0.34 10.02230140514365
-0.32 9.977667591340584
-0.2999999999999999 9.979156753102536
-0.28 9.966190546430184
-0.26 9.947882457768792
-0.24 9.96550263607642
-0.22 9.937849744312103
-0.2 9.93767196557119
-0.1799999999999999 9.952976672662187
-0.16 9.94655396926252
-0.14 9.970838776788883
-0.12 9.982096846601907
-0.09999999999999998 10.04680523842875
-0.07999999999999996 10.090310519466652
-0.05999999999999994 10.096977560373809
-0.04000000000000004 10.161661880480292
-0.02000000000000002 10.191581944618363
0.0 10.220172020143666
0.02000000000000002 10.31546263185054
0.04000000000000004 10.338136869574402
0.06000000000000005 10.357037119824994
0.08000000000000007 10.481031328888884
0.1000000000000001 10.52988245479757
0.1200000000000001 10.623195232338357
0.1400000000000001 10.715897774885667
0.1599999999999999 10.821131532860223
0.1799999999999999 10.898021239615577
0.2 11.036743911214645
0.22 11.118929615804285
0.24 11.251633779107944
0.26 11.417902296297303
0.28 11.540902782832296
0.3 11.681559836737357
0.3200000000000001 11.855231504115492
0.3400000000000001 12.028507570702494
0.3600000000000001 12.191309327178075
0.3800000000000001 12.399826928338692
0.4000000000000001 12.644757189590697
0.4199999999999999 12.871041030713625
0.4399999999999999 13.092324337613388
0.46 13.335717611927668
0.48 13.67692614721046
0.5 13.973891519223818
0.52 14.279118088875755
0.54 14.680973594889835
0.56 15.013268404292988
0.5800000000000001 15.534062898240187
0.6000000000000001 15.978708025711391
0.6200000000000001 16.49736026392707
0.6400000000000001 17.045946973837946
0.6600000000000001 17.72231211653142
0.6799999999999999 18.425939673942725
0.7 19.19475712579603
0.72 20.060364953996768
0.74 21.140773580343552
0.76 22.28609356714487
0.78 23.595250661842428
0.8 25.2239128461923
0.8200000000000001 27.09837106134509
0.8400000000000001 29.347997457668413
0.8600000000000001 32.23677929637633
0.8800000000000001 35.846194495249755
0.9000000000000001 40.65333274743786
0.9199999999999999 47.696477202849465
0.94 58.37938899803322
0.96 78.36939973644293
0.98 142.2361153147113
1.0 0.0
