0.0 0.0
1.0 0.0
2.0 0.0
3.0 0.08974660084800508
4.0 0.07667085933097012
5.0 0.018888851899727055
6.0 0.005495417180378738
7.0 0.0018698636073681237
8.0 0.0007189326860977332
9.0 0.00030563704779823845
10.0 0.00014172125334944744
11.0 7.027208013625407e-05
12.0 3.6155514580370226e-05
13.0 1.9313999653006565e-05
14.0 1.141176507794145e-05
15.0 6.693414497879061e-06
16.0 4.008216684063448e-06
17.0 2.550137840210062e-06
18.0 1.6288357363797069e-06
19.0 1.0535554611903195e-06
20.0 7.005160759245404e-07
21.0 4.819536519791203e-07
22.0 3.342267832076399e-07
23.0 2.347982556334115e-07
24.0 1.6651357029911227e-07
25.0 1.19906181630882e-07
26.0 8.890560894392577e-08
27.0 6.206721319092553e-08
28.0 4.352694099154237e-08
29.0 3.480021405854344e-08
30.0 2.6628293839421535e-08
31.0 2.0134915102389936e-08
32.0 1.5068039528499777e-08
33.0 1.1192578330161613e-08
34.0 9.20190201909062e-09
35.0 6.674654985132691e-09
36.0 6.005169849391008e-09
37.0 4.358235934929457e-09
38.0 3.4575810120627404e-09
39.0 2.6617037937753765e-09
40.0 2.2388968581023388e-09
41.0 1.7836282380779602e-09
42.0 1.422736569061642e-09
43.0 1.243415112275552e-09
44.0 1.0056385883607013e-09
45.0 7.82672467238665e-10
46.0 6.274772736584956e-10
47.0 6.04004224549551e-10
48.0 4.104281915830354e-10
49.0 3.5601976574893834e-10
50.0 3.235640302940436e-10
51.0 2.543902374296078e-10
52.0 2.1976142286517897e-10
53.0 1.810662390528158e-10
54.0 1.4336449730458175e-10
55.0 1.2384915141700268e-10
56.0 1.0618595065403321e-10
57.0 8.378930830322931e-11
58.0 7.101595397639482e-11
59.0 6.158202966958904e-11
60.0 5.4045792458051236e-11
61.0 4.3473628765311445e-11
62.0 3.6886377632423384e-11
63.0 3.1049232601622555e-11
64.0 3.029386235896208e-11
65.0 2.370415131761073e-11
66.0 2.648243683103077e-11
67.0 1.9083100216475476e-11
68.0 1.7209923939615165e-11
69.0 1.3910138213846352e-11
70.0 1.661803522474112e-11
71.0 1.0148753362334054e-11
72.0 9.847400528492791e-12
73.0 8.981443009067507e-12
74.0 7.49147366042992e-12
75.0 6.8890943452717805e-12
76.0 5.280146152799627e-12
77.0 4.7816864796493225e-12
78.0 4.323015993985685e-12
79.0 3.983492106822745e-12
80.0 3.271068893960747e-12
81.0 3.826132911545573e-12
82.0 2.3666047339061865e-12
83.0 2.2308543651300656e-12
84.0 1.8673585138180483e-12
85.0 1.4662542623868148e-12
86.0 1.5729157803382778e-12
87.0 1.320474799966965e-12
88.0 1.0757873001250693e-12
89.0 1.301965770396771e-12
90.0 1.0943345465427734e-12
91.0 6.739833212308531e-13
92.0 6.784874219346394e-13
93.0 6.961581468961128e-13
94.0 7.456112671011228e-13
95.0 5.145225424681614e-13
96.0 4.3127031003946627e-13
97.0 4.047356366559922e-13
98.0 4.4833939353731723e-13
99.0 3.7027917498777767e-13
100.0 2.3641533764685935e-13
101.0 3.3500374236289917e-13
102.0 1.9677650508251146e-13
103.0 2.94569935552106e-13
104.0 2.1259105431892203e-13
105.0 1.5815113775792542e-13
106.0 1.7685763130722449e-13
107.0 1.3013789887422936e-13
108.0 1.1352580514842003e-13
109.0 1.565404448901326e-13
110.0 1.2321460504143222e-13
111.0 1.0744048680946814e-13
112.0 8.575891094501539e-14
113.0 1.3271244760791226e-13
114.0 6.24096711596427e-14
115.0 5.842740118322413e-14
116.0 6.881476455426653e-14
117.0 4.45924695956828e-14
118.0 3.6947866128767024e-14
119.0 3.185118864392741e-14
120.0 3.6365625644369026e-14
121.0 3.307545340520712e-14
122.0 2.7787656725843572e-14
123.0 3.223850259747964e-14
124.0 2.1851948462996702e-14
125.0 2.9577879097821695e-14
126.0 2.652731677576381e-14
127.0 2.1973141989772903e-14
128.0 1.8732604458591136e-14
129.0 1.706467422135041e-14
130.0 1.2157744776821239e-14
131.0 1.0691456011180396e-14
132.0 1.0022319601270845e-14
133.0 9.332320076322208e-15
134.0 1.4579844638656316e-14
135.0 1.5084773207394084e-14
136.0 6.942595941654053e-15
137.0 1.2741602952908074e-14
138.0 7.904673817133052e-15
139.0 6.087018014507439e-15
140.0 0.0
