0.0 0.0
1.0 0.0
2.0 0.0
3.0 0.10179065855767497
4.0 0.10685632318909798
5.0 0.038660506666955204
6.0 0.01781706683337818
7.0 0.009748361683031654
8.0 0.005940114175747285
9.0 0.0038673324179385126
10.0 0.00264251481165015
11.0 0.0018686704147914115
12.0 0.0013590161072411994
13.0 0.0010107729620670253
14.0 0.0007655026000848193
15.0 0.0005901255913309154
16.0 0.00046023008500653724
17.0 0.0003640915458769708
18.0 0.00029009151572495707
19.0 0.00023422317950676076
20.0 0.00019005276484856425
21.0 0.00015506867761571315
22.0 0.00012883634560516182
23.0 0.00010772613509955012
24.0 8.908026911545352e-05
25.0 7.593691457375076e-05
26.0 6.325888849308037e-05
27.0 5.422253442388076e-05
28.0 4.593235941826918e-05
29.0 4.029116377323603e-05
30.0 3.399877599710112e-05
31.0 2.9261322192722195e-05
32.0 2.494388168305046e-05
33.0 2.2142563786057786e-05
34.0 1.9308679945575537e-05
35.0 1.720355297814775e-05
36.0 1.5198999991282865e-05
37.0 1.2543198685059509e-05
38.0 1.0933341280101047e-05
39.0 1.0235724127934274e-05
40.0 9.045575248777666e-06
41.0 7.804304804834347e-06
42.0 7.0628851209696486e-06
43.0 6.2171070857992835e-06
44.0 5.514431403076712e-06
45.0 4.946729281191863e-06
46.0 4.397621005762878e-06
47.0 3.955475557589975e-06
48.0 3.6076132212796432e-06
49.0 3.4192411424622515e-06
50.0 3.0922134318235396e-06
51.0 2.533133401623254e-06
52.0 2.199356574139676e-06
53.0 2.0817377613052342e-06
54.0 1.8854511469180645e-06
55.0 1.7813547745569687e-06
56.0 1.4410715020911708e-06
57.0 1.433128543957566e-06
58.0 1.3179318568694406e-06
59.0 1.1509042471029375e-06
60.0 1.0748285622217608e-06
61.0 8.556427096356673e-07
62.0 8.917720303963561e-07
63.0 8.017682169303534e-07
64.0 7.590219768532315e-07
65.0 7.161500583585418e-07
66.0 7.207883219921541e-07
67.0 5.212322736781984e-07
68.0 6.148777353579276e-07
69.0 5.567904853850993e-07
70.0 5.028526544608133e-07
71.0 3.784939291017604e-07
72.0 4.2132739746316805e-07
73.0 3.3446153346034377e-07
74.0 3.132271463586468e-07
75.0 2.664484275752037e-07
76.0 3.133770885381634e-07
77.0 2.494499318724421e-07
78.0 2.1858854015879218e-07
79.0 2.421692657882295e-07
80.0 2.1848547960634783e-07
81.0 1.9448595645859694e-07
82.0 1.512114933228311e-07
83.0 1.6037177390519875e-07
84.0 1.494615711667994e-07
85.0 1.4339328917859733e-07
86.0 1.3362347296338838e-07
87.0 1.194328476544821e-07
88.0 1.0125388501983956e-07
89.0 9.568887460918084e-08
90.0 9.702659447928606e-08
91.0 1.0352737039445323e-07
92.0 8.358724862161507e-08
93.0 8.394359116497156e-08
94.0 8.926327078114735e-08
95.0 6.033214093868437e-08
96.0 7.55674413172564e-08
97.0 5.735833202768284e-08
98.0 4.78140095908281e-08
99.0 4.79343420690775e-08
100.0 4.4850907838441e-08
101.0 5.426151442089286e-08
102.0 5.0752851172432343e-08
103.0 3.3070333586207125e-08
104.0 3.186654354983476e-08
105.0 3.671983133244987e-08
106.0 3.505077357288114e-08
107.0 3.376133416942296e-08
108.0 2.3012093465203817e-08
109.0 3.598749507324547e-08
110.0 1.5958887146183948e-08
111.0 2.655752325686169e-08
112.0 3.47223419799149e-08
113.0 1.8376959344639882e-08
114.0 2.2222444167584226e-08
115.0 1.3319857096168083e-08
116.0 2.0775763969278513e-08
117.0 1.0283822161529723e-08
118.0 1.602615065125933e-08
119.0 9.810422557897457e-09
120.0 1.4594554948622449e-08
121.0 1.1338119974039675e-08
122.0 1.0372164108193971e-08
123.0 1.019962153028971e-08
124.0 7.415984737210912e-09
125.0 7.056982462512056e-09
126.0 1.087048494605968e-08
127.0 4.621973143317134e-09
128.0 1.0574694887854232e-08
129.0 5.5407845448956e-09
130.0 8.013493363252856e-09
131.0 6.079541233949625e-09
132.0 6.433321134981259e-09
133.0 6.098971718914524e-09
134.0 2.868126213074978e-09
135.0 5.452447902020233e-09
136.0 4.537234007769612e-09
137.0 5.354789576709829e-09
138.0 4.804115722590758e-09
139.0 1.8619527113368767e-09
140.0 0.0
