0.0 0.0
1.0 0.0
2.0 0.0
3.0 0.012044057709669893
4.0 0.030185463858127856
5.0 0.01977165476722815
6.0 0.01232164965299944
7.0 0.00787849807566353
8.0 0.005221181489649551
9.0 0.003561695370140274
10.0 0.002500793558300703
11.0 0.0017983983346551574
12.0 0.0013228605926608292
13.0 0.0009914589624140187
14.0 0.0007540908350068779
15.0 0.0005834321768330363
16.0 0.0004562218683224738
17.0 0.00036154140803676074
18.0 0.00028846267998857734
19.0 0.00023316962404557043
20.0 0.0001893522487726397
21.0 0.00015458672396373403
22.0 0.00012850211882195419
23.0 0.00010749133684391671
24.0 8.891375554515442e-05
25.0 7.581700839211988e-05
26.0 6.316998288413644e-05
27.0 5.416046721068984e-05
28.0 4.5888832477277635e-05
29.0 4.025636355917749e-05
30.0 3.3972147703261696e-05
31.0 2.9241187277619804e-05
32.0 2.4928813643521962e-05
33.0 2.2131371207727624e-05
34.0 1.9299478043556447e-05
35.0 1.7196878323162617e-05
36.0 1.5192994821433474e-05
37.0 1.2538840449124579e-05
38.0 1.0929883699088985e-05
39.0 1.02330624241405e-05
40.0 9.043336351919564e-06
41.0 7.802521176596269e-06
42.0 7.061462384400587e-06
43.0 6.215863670687008e-06
44.0 5.513425764488351e-06
45.0 4.945946608724625e-06
46.0 4.396993528489219e-06
47.0 3.954871553365426e-06
48.0 3.6072027930880603e-06
49.0 3.4188851226965025e-06
50.0 3.0918898677932457e-06
51.0 2.5328790113858245e-06
52.0 2.199136812716811e-06
53.0 2.0815566950661815e-06
54.0 1.8853077824207598e-06
55.0 1.7812309254055516e-06
56.0 1.4409653161405169e-06
57.0 1.4330447546492628e-06
58.0 1.3178608409154643e-06
59.0 1.1508426650732679e-06
60.0 1.0747745164293027e-06
61.0 8.55599236006902e-07
62.0 8.917351440187236e-07
63.0 8.017371676977518e-07
64.0 7.589916829908725e-07
65.0 7.161263542072242e-07
66.0 7.207618395553231e-07
67.0 5.212131905779819e-07
68.0 6.14860525433988e-07
69.0 5.567765752468855e-07
70.0 5.028360364255886e-07
71.0 3.7848378034839803e-07
72.0 4.2131755006263954e-07
73.0 3.344525520173347e-07
74.0 3.132196548849864e-07
75.0 2.664415384808584e-07
76.0 3.1337180839201055e-07
77.0 2.4944515018596247e-07
78.0 2.185842171427982e-07
79.0 2.421652822961227e-07
80.0 2.1848220853745386e-07
81.0 1.944821303256854e-07
82.0 1.512091267180972e-07
83.0 1.6036954305083363e-07
84.0 1.4945970380828558e-07
85.0 1.4339182292433495e-07
86.0 1.3362190004760803e-07
87.0 1.1943152717968212e-07
88.0 1.0125280923253943e-07
89.0 9.568757264341045e-08
90.0 9.702550014473952e-08
91.0 1.03526696411132e-07
92.0 8.358657013419313e-08
93.0 8.394289500682467e-08
94.0 8.926252516988025e-08
95.0 6.03316264161419e-08
96.0 7.556701004694637e-08
97.0 5.7357927292046183e-08
98.0 4.781356125143456e-08
99.0 4.793397178990251e-08
100.0 4.485067142310335e-08
101.0 5.42611794171505e-08
102.0 5.075265439592726e-08
103.0 3.3070039016271576e-08
104.0 3.1866330958780444e-08
105.0 3.6719673181312106e-08
106.0 3.505059671524984e-08
107.0 3.376120403152409e-08
108.0 2.301197993939867e-08
109.0 3.5987338532800584e-08
110.0 1.5958763931578907e-08
111.0 2.6557415816374882e-08
112.0 3.472225622100395e-08
113.0 1.8376826632192275e-08
114.0 2.2222381757913065e-08
115.0 1.3319798668766899e-08
116.0 2.077569515451396e-08
117.0 1.0283777569060128e-08
118.0 1.60261137033932e-08
119.0 9.810390706708812e-09
120.0 1.4594518582996804e-08
121.0 1.1338086898586269e-08
122.0 1.0372136320537246e-08
123.0 1.0199589291787112e-08
124.0 7.415962885262449e-09
125.0 7.056952884632958e-09
126.0 1.0870458418742903e-08
127.0 4.6219511701751445e-09
128.0 1.0574676155249773e-08
129.0 5.540767480221378e-09
130.0 8.01348120550808e-09
131.0 6.079530542493614e-09
132.0 6.433311112661658e-09
133.0 6.098962386594448e-09
134.0 2.8681116332303396e-09
135.0 5.4524328172470256e-09
136.0 4.53722706517367e-09
137.0 5.354776835106876e-09
138.0 4.804107817916941e-09
139.0 1.8619466243188622e-09
140.0 0.0
