0.0 0.0
1.0 0.0
2.0 0.0
3.0 3.078855111480349
4.0 9.38155001679237
5.0 6.71550103167323
6.0 4.26942701476506
7.0 2.741462191854007
8.0 1.811975151087401
9.0 1.2380589408323472
10.0 0.8695702100637269
11.0 0.6261376712380802
12.0 0.4610154144122244
13.0 0.34595238133595385
14.0 0.26450494825490484
15.0 0.20430765771049392
16.0 0.15976526633572774
17.0 0.1271236654490015
18.0 0.10185053403736356
19.0 0.08247072477122254
20.0 0.067542345768615
21.0 0.05506055914240395
22.0 0.045748906766541156
23.0 0.03801599700771922
24.0 0.03183948028120735
25.0 0.026459610101701617
26.0 0.02267363140455164
27.0 0.019377300923196793
28.0 0.016624223489357198
29.0 0.014171268861131134
30.0 0.012150033190925722
31.0 0.010345679613698477
32.0 0.009063687554238708
33.0 0.00812406489670599
34.0 0.007049018403888052
35.0 0.006041639003361295
36.0 0.00530126866724898
37.0 0.004563766664983111
38.0 0.004124444998095124
39.0 0.0037111087996487078
40.0 0.003140415533596139
41.0 0.002856939336852279
42.0 0.002505824442844692
43.0 0.0022567156598960656
44.0 0.0020330176535712577
45.0 0.0018396855839159134
46.0 0.001678924331464073
47.0 0.0014459997484691856
48.0 0.0013367562955434566
49.0 0.0012018196356167851
50.0 0.0010465107007302037
51.0 0.0009547495055931192
52.0 0.0008689549717441927
53.0 0.0008185836928117643
54.0 0.0006991884926755333
55.0 0.000642050134425529
56.0 0.0005659920352501742
57.0 0.0005459669824474783
58.0 0.0004792142065843229
59.0 0.0004245832844741067
60.0 0.0004056952191188408
61.0 0.00038846394606434516
62.0 0.0003529607989012301
63.0 0.00031931118661212063
64.0 0.00027118382475319216
65.0 0.00026527320483739033
66.0 0.00025193606680295674
67.0 0.00023948598054985168
68.0 0.00019102158192206914
69.0 0.00020419049180877438
70.0 0.00017635366730237457
71.0 0.00015382466027136598
72.0 0.00014800708022473427
73.0 0.0001347118521121522
74.0 0.00013179570962408793
75.0 0.00011321235356676114
76.0 0.00010079509660429053
77.0 9.724659321884744e-05
78.0 9.530623403904156e-05
79.0 7.77360737398332e-05
80.0 7.671692961867363e-05
81.0 6.844237178583517e-05
82.0 6.457198285108816e-05
83.0 5.099872129456876e-05
84.0 5.5325272505135613e-05
85.0 5.527427851612457e-05
86.0 4.9676130149962087e-05
87.0 5.022606927178251e-05
88.0 3.665375130295789e-05
89.0 3.7672835330404444e-05
90.0 4.1997239587135414e-05
91.0 3.2261119715023066e-05
92.0 3.1849488703219405e-05
93.0 2.635301338434128e-05
94.0 2.610181449073597e-05
95.0 2.6231989563763526e-05
96.0 2.48665848102959e-05
97.0 1.961296075780583e-05
98.0 1.936373284093862e-05
99.0 1.3850697424001169e-05
100.0 1.7477123222954656e-05
101.0 1.819015866110733e-05
102.0 1.402023016386196e-05
103.0 1.359490737259468e-05
104.0 1.1769422782545633e-05
105.0 1.0700141265014815e-05
106.0 1.327917919973499e-05
107.0 9.467377589772194e-06
108.0 9.459646753314153e-06
109.0 1.1750456238686285e-05
110.0 8.50692547201526e-06
111.0 8.699610089940206e-06
112.0 9.107071151423216e-06
113.0 6.36381950529215e-06
114.0 6.563616521598727e-06
115.0 5.707142023561751e-06
116.0 7.147334782522901e-06
117.0 5.869306345671696e-06
118.0 4.206178747926024e-06
119.0 4.6244700547811155e-06
120.0 3.969604029286269e-06
121.0 5.593672806625323e-06
122.0 5.2530941733484224e-06
123.0 4.006399857720531e-06
124.0 3.953982830245894e-06
125.0 3.1837919267917573e-06
126.0 2.905212430779861e-06
127.0 2.7948459840343674e-06
128.0 3.4562250869084947e-06
129.0 3.0929385633801898e-06
130.0 2.5404032899446656e-06
131.0 2.687264618532859e-06
132.0 1.9030761325225264e-06
133.0 2.066031295665815e-06
134.0 2.091130436436406e-06
135.0 1.6259158978599152e-06
136.0 2.3206129876442732e-06
137.0 1.541066838803667e-06
138.0 2.170122428394512e-06
139.0 1.318369458203893e-06
140.0 0.0
