0.0 0.0
1.0 0.0
2.0 0.0
3.0 0.09534255779596262
4.0 0.11223764583374958
5.0 0.0425997450291174
6.0 0.018821652268479018
7.0 0.010275713657086346
8.0 0.006483933017183276
9.0 0.0046342042828783165
10.0 0.003458435069087952
11.0 0.0027609587285261934
12.0 0.002170707187480833
13.0 0.0017743437107645367
14.0 0.00147602132460333
15.0 0.0012029395004390345
16.0 0.0010348360974295951
17.0 0.0008178324600138899
18.0 0.0007069948692220934
19.0 0.0006207560449816147
20.0 0.0005268233738887208
21.0 0.00046337760864548525
22.0 0.0003958912318892633
23.0 0.0003372463582649394
24.0 0.0002792787128094502
25.0 0.0002579251685277465
26.0 0.0002186982826165119
27.0 0.00019193977205196356
28.0 0.00018517329108513937
29.0 0.00016085828035092148
30.0 0.00013400344306953389
31.0 0.00012205259797337483
32.0 0.0001080520442309623
33.0 9.596717018738359e-05
34.0 9.105734124363699e-05
35.0 8.832449862152637e-05
36.0 7.163592419890287e-05
37.0 5.485317777537944e-05
38.0 6.153479655577953e-05
39.0 4.873846580505411e-05
40.0 3.5696719232447096e-05
41.0 4.601921673931373e-05
42.0 4.237580641824057e-05
43.0 3.251642954458498e-05
44.0 3.766802551497522e-05
45.0 2.0217373622948084e-05
46.0 2.026436810450436e-05
47.0 2.1969210404171932e-05
48.0 2.5155726768418666e-05
49.0 1.2284085741304613e-05
50.0 1.1626160354867241e-05
51.0 1.7607004224270706e-05
52.0 1.1087590266246482e-05
53.0 1.850296005175171e-05
54.0 1.4187339037576076e-05
55.0 1.782972312210808e-05
56.0 7.349758924804082e-06
57.0 7.1182676045826756e-06
58.0 1.1570688413515508e-05
59.0 5.668432452166158e-06
60.0 6.304141858908195e-06
61.0 5.33942454752735e-06
62.0 5.680937131454943e-06
63.0 6.289231482974667e-06
64.0 5.6642266137373115e-06
65.0 3.1299650826026214e-06
66.0 2.0927756046271937e-06
67.0 4.523296166394432e-06
68.0 4.263202113328436e-06
69.0 2.4984580446805365e-06
70.0 2.956043720518981e-06
71.0 3.0284641080209405e-06
72.0 2.9416624770025782e-06
73.0 3.7089581045473434e-06
74.0 1.329022800157702e-06
75.0 3.291740705107677e-06
76.0 2.298026524994563e-06
77.0 2.9631797187227925e-06
78.0 2.2881024799645947e-06
79.0 1.4765313012006347e-06
80.0 3.5591619639834026e-06
81.0 6.040750128683176e-07
82.0 2.084205285964448e-06
83.0 2.029421167726486e-06
84.0 1.4381685864507084e-06
85.0 2.6055674405952517e-06
86.0 1.1006675075638983e-06
87.0 7.744953773681664e-07
88.0 6.674827488761359e-07
89.0 5.336850051262489e-07
90.0 7.289841171679461e-07
91.0 6.552467196604555e-07
92.0 7.396653342313566e-07
93.0 6.449873665630739e-07
94.0 7.44852199737039e-07
95.0 1.1286333593605566e-06
96.0 1.862166380719012e-07
97.0 4.586358365984201e-07
98.0 1.925553580590649e-07
99.0 1.4995140733293784e-06
100.0 7.876371286112356e-08
101.0 4.6447724632287065e-07
102.0 5.470727967641444e-07
103.0 3.527973636702373e-07
104.0 1.805532935668715e-07
105.0 2.7399610236618943e-07
106.0 1.0065264823612359e-07
107.0 1.5691492931065138e-07
108.0 1.6776455078304472e-07
109.0 5.021433072768374e-07
110.0 2.5489604396254874e-07
111.0 9.514694702185001e-08
112.0 1.2484613478070774e-07
113.0 7.350897321273096e-08
114.0 1.1363239306095103e-07
115.0 1.525425976273891e-07
116.0 8.922481673606607e-08
117.0 3.4261669565582e-08
118.0 4.4223929056061484e-08
119.0 4.175626582468499e-08
120.0 5.561092483860867e-08
121.0 2.958554741424654e-08
122.0 9.207766619094185e-08
123.0 9.052858714941593e-09
124.0 2.1705120767187764e-07
125.0 9.798574322745886e-08
126.0 4.9039643101026516e-08
127.0 2.6189829616633906e-07
128.0 2.8940483189296112e-08
129.0 2.768106281150744e-08
130.0 8.915057409731414e-08
131.0 2.5009680303328008e-08
132.0 1.8568968067286136e-08
133.0 1.2878892246927352e-08
134.0 1.0439101328664944e-07
135.0 -4.0023377095638045e-09
136.0 2.4248256126730722e-08
137.0 6.716057887084606e-09
138.0 2.0762065491197234e-08
139.0 3.183150159120158e-08
140.0 0.0
