0.0 0.07698226798891213
0.5 0.07316150395817643
1.0 0.029991488708943807
1.5 0.011850618876101894
2.0 0.005163674623894364
2.5 0.0024885940012936425
3.0 0.001311189000804692
3.5 0.0007389562370051136
4.0 0.00043779401141622547
4.5 0.00027500742406565766
5.0 0.00017778301179947187
5.5 0.00011886598947646197
6.0 8.173006013257818e-05
6.5 5.7348300491956717e-05
7.0 4.140972356290067e-05
7.5 3.0681156773989915e-05
8.0 2.3066155325493914e-05
8.5 1.7274036596386946e-05
9.0 1.2986171943057335e-05
9.5 9.818854830228152e-06
10.0 8.126994208756461e-06
10.5 6.343393369376587e-06
11.0 4.768961314900168e-06
11.5 3.861202189934261e-06
12.0 3.200272931185302e-06
12.5 2.698264105995813e-06
13.0 2.0878014275828776e-06
13.5 1.7477555745655751e-06
14.0 1.4200537345359223e-06
14.5 1.1691893582906129e-06
15.0 9.183793977551337e-07
15.5 7.899746207498238e-07
16.0 6.953458908852509e-07
16.5 5.51902286937408e-07
17.0 5.254625246245246e-07
17.5 4.898915798330893e-07
18.0 3.6314005888087467e-07
18.5 2.5862564201389145e-07
19.0 2.3797794004975364e-07
19.5 2.0341144376165826e-07
20.0 0.0
