0.0 177.91286577389744
0.5 169.44725283050775
1.0 33.788718393559485
1.5 5.472491168173346
2.0 1.0270410343235745
2.5 0.23747774173796443
3.0 0.06620885652632157
3.5 0.02104360301520935
4.0 0.007655361026773843
4.5 0.0032386433184141243
5.0 0.0013988921217498625
5.5 0.0006215043196603026
6.0 0.00030331379028768565
6.5 0.0001674708514973205
7.0 9.352370738893712e-05
7.5 5.214852354785426e-05
8.0 3.0679323478173645e-05
8.5 1.8402690425859433e-05
9.0 1.2546067608516656e-05
9.5 6.799614661299764e-06
10.0 4.498871716699651e-06
10.5 3.009504465183461e-06
11.0 1.9730696814702687e-06
11.5 1.3678750180611374e-06
12.0 9.456226349637906e-07
12.5 6.665744783881429e-07
13.0 4.192621864281376e-07
13.5 3.188610178109724e-07
14.0 2.254041242634816e-07
14.5 1.9765512181428236e-07
15.0 1.047779621174891e-07
15.5 9.273194101474124e-08
16.0 7.370217620740237e-08
16.5 5.7171678537462e-08
17.0 4.5998279744851424e-08
17.5 3.6576715159342464e-08
18.0 2.6333718282469582e-08
18.5 1.83061892380748e-08
19.0 1.3847545402404392e-08
19.5 1.3890953260524356e-08
20.0 0.0
