0.0 0.2548951337628096
0.5 0.2426087567886842
1.0 0.06378020710250329
1.5 0.01732311004427524
2.0 0.006190715658217939
2.5 0.0027260717430316068
3.0 0.0013773978573310135
3.5 0.000759999840020323
4.0 0.0004454493724429993
4.5 0.0002782460673840718
5.0 0.00017918190392122175
5.5 0.00011948749379612227
6.0 8.203337392286586e-05
6.5 5.7515771343454035e-05
7.0 4.150324727028961e-05
7.5 3.073330529753777e-05
8.0 2.309683464897209e-05
8.5 1.7292439286812807e-05
9.0 1.2998718010665851e-05
9.5 9.825654444889452e-06
10.0 8.13149308047316e-06
10.5 6.34640287384177e-06
11.0 4.770934384581638e-06
11.5 3.8625700649523224e-06
12.0 3.2012185538202657e-06
12.5 2.6989306804742013e-06
13.0 2.0882206897693056e-06
13.5 1.748074435583386e-06
14.0 1.4202791386601856e-06
14.5 1.169387013412427e-06
15.0 9.184841757172511e-07
15.5 7.900673526908386e-07
16.0 6.954195930614584e-07
16.5 5.519594586159454e-07
17.0 5.255085229042694e-07
17.5 4.899281565482487e-07
18.0 3.6316639259915715e-07
18.5 2.5864394820312953e-07
19.0 2.3799178759515605e-07
19.5 2.034253347149188e-07
20.0 0.0
