0.0 267.4901234373784
0.5 255.3733659263355
1.0 70.18425696585687
1.5 18.013707593776036
2.0 5.6675023502763064
2.5 2.2107996058032438
3.0 1.0151963582679142
3.5 0.565265938961137
4.0 0.340832621532767
4.5 0.2173769824040147
5.0 0.14203339154430114
5.5 0.11202071519417009
6.0 0.07120498940760206
6.5 0.057342109023225944
7.0 0.044638329667716484
7.5 0.028967216787253322
8.0 0.022929786168603125
8.5 0.021210230799909843
9.0 0.015640576051929214
9.5 0.012752240393968935
10.0 0.0088370721342186
10.5 0.006490887003768422
11.0 0.0050623999481051235
11.5 0.003873625700429604
12.0 0.003972183656556742
12.5 0.003778845355495496
13.0 0.002610686401392385
13.5 0.0007691643253339867
14.0 0.003928228691382388
14.5 0.000978142815423182
15.0 0.0011222672424948859
15.5 0.0018661262246066315
16.0 0.0010217672481343419
16.5 -0.00011792207703723175
17.0 0.0021247511567929877
17.5 3.835288183029321e-05
18.0 0.0010696839266127983
18.5 0.000769130553333154
19.0 0.00025303544870377426
19.5 -4.7721675342954356e-05
20.0 0.0
