0.0 24.82595238199127
0.5 23.583009767637776
1.0 10.047845467191104
1.5 3.954947489697053
2.0 1.6685258909262435
2.5 0.7757868893353226
3.0 0.3947534891424014
3.5 0.21706753628311973
4.0 0.12679754209038674
4.5 0.07744567323538956
5.0 0.05004662845005116
5.5 0.03320046932714496
6.0 0.02231188381491854
6.5 0.015815002256588807
7.0 0.011148976320221419
7.5 0.008096834105965227
8.0 0.005995736196540702
8.5 0.004592420723591651
9.0 0.003412198560081665
9.5 0.0026879674062457314
10.0 0.002065811004617671
10.5 0.0015981728306095305
11.0 0.0012908986508429897
11.5 0.0009818860351739804
12.0 0.0007910280864158006
12.5 0.0006465583299295655
13.0 0.0005149732692496029
13.5 0.0004367449735216853
14.0 0.0003745518737145508
14.5 0.0002698414101791691
15.0 0.0002657092556132172
15.5 0.0002206932515652899
16.0 0.00017456995244630232
16.5 0.00015013737801661758
17.0 0.00012605801287610027
17.5 0.0001050587868590061
18.0 8.396194054310457e-05
18.5 7.628028589703815e-05
19.0 6.995754036699252e-05
19.5 5.705852655805302e-05
20.0 0.0
