-1000.0 0.0001712806676740552
-990.0 0.00019595278739635704
-980.0 0.0001809326840697649
-970.0 0.00021261375709822128
-960.0 0.00021326928878325245
-950.0 0.00020983349339492201
-940.0 0.00021647087370399562
-930.0 0.0002359586415783901
-920.0 0.0002475406802126295
-910.0 0.00023910939674497058
-900.0 0.00027129368247320613
-890.0 0.0002705087816674833
-880.0 0.000292760716631011
-870.0 0.0002782830826567074
-860.0 0.00028984482634552183
-850.0 0.0002906528130120407
-840.0 0.00031073869394592207
-830.0 0.00032201321142739437
-820.0 0.0003235679513388964
-810.0 0.0003187195948159571
-800.0 0.0003531794369774514
-790.0 0.0003580718798126003
-780.0 0.0003920068388798455
-770.0 0.0003853315101659149
-760.0 0.0004140480074600653
-750.0 0.00042296890669417484
-740.0 0.00044568682292798925
-730.0 0.00045825967782744205
-720.0 0.0004435081227878301
-710.0 0.00047761822015966434
-700.0 0.0005020831436940757
-690.0 0.000511902089142953
-680.0 0.0005353946941081532
-670.0 0.0005609896236290328
-660.0 0.0005777284616377729
-650.0 0.0006315982717092377
-640.0 0.0006475848252394265
-630.0 0.0006754846937180852
-620.0 0.0006751030766504703
-610.0 0.0007284488633824256
-600.0 0.0007529341333136612
-590.0 0.0007993317467387698
-580.0 0.0008250779111755521
-570.0 0.0008647206555841503
-560.0 0.0008997386793414681
-550.0 0.0009404673201241185
-540.0 0.000971695239940963
-530.0 0.001068185413601292
-520.0 0.0011289247898445783
-510.0 0.0011551624044016126
-500.0 0.001191823782713696
-490.0 0.0012821007688548888
-480.0 0.0013184269882255337
-470.0 0.0014639676462831445
-460.0 0.0015496587659505228
-450.0 0.0015558244183354066
-440.0 0.0017028149555359006
-430.0 0.0018210814864284342
-420.0 0.0019269724822467663
-410.0 0.0020539262239303037
-400.0 0.0021529658464707418
-390.0 0.0023044357250103947
-380.0 0.0025255374357416372
-370.0 0.0026301389869835324
-360.0 0.0028187611171497343
-350.0 0.003062112219237953
-340.0 0.003264607219301597
-330.0 0.003606241529505474
-320.0 0.0037492060830830935
-310.0 0.004169602414387214
-300.0 0.0044860977983931785
-290.0 0.004905936611973847
-280.0 0.005332007146728995
-270.0 0.00584737692281177
-260.0 0.006410947560732081
-250.0 0.007058916612395345
-240.0 0.007844686465942326
-230.0 0.008732575638093943
-220.0 0.009764838142407839
-210.0 0.010846976665673535
-200.0 0.012200966134102986
-190.0 0.013796573056242455
-180.0 0.01565305309562227
-170.0 0.01812567188407843
-160.0 0.020921263723548914
-150.0 0.024308108090012166
-140.0 0.02881340959212075
-130.0 0.034134870097703815
-120.0 0.041021659998388624
-110.0 0.05029050201835498
-100.0 0.06279332133343633
-90.0 0.079853488482855
-80.0 0.10443143892037879
-70.0 0.14092356484334184
-60.0 0.19851177154975075
-50.0 0.29617118075081
-40.0 0.4804349581323856
-30.0 0.8854349833187215
-20.0 2.0394419138352555
-10.0 5.45193466037712
0.0 0.0
