-1000.0 0.0005143429650875665
-990.0 -0.0007194382861069019
-980.0 0.0002810707154013928
-970.0 -5.845716088152949e-05
-960.0 -0.00022570995227315252
-950.0 -0.00037883494499897814
-940.0 0.0004548883384594401
-930.0 -0.0004006197913089299
-920.0 0.0004129709199616144
-910.0 -0.00017617936516329613
-900.0 0.00010752131096612347
-890.0 6.537188962075081e-05
-880.0 -0.0004950823400535842
-870.0 0.0009888630234090503
-860.0 3.683185360647953e-05
-850.0 0.00047469401601079263
-840.0 -1.3131987177506833e-05
-830.0 0.00023662991219102218
-820.0 0.00043563157952530894
-810.0 -9.771240580515577e-06
-800.0 -0.000263464058737144
-790.0 0.0006039131795183416
-780.0 -0.0007071416457237933
-770.0 0.00016343586525168494
-760.0 -0.0002862653897167419
-750.0 0.0004048150220096315
-740.0 2.183729896111609e-05
-730.0 -0.0003482605777485213
-720.0 0.0005293050357973654
-710.0 -0.00027088988360935524
-700.0 -0.0003419770926823139
-690.0 0.0007973604175618657
-680.0 0.00016076133320495857
-670.0 -0.00011965517273691373
-660.0 -8.099836370898512e-05
-650.0 -0.0010865706471589057
-640.0 0.0009150652867252261
-630.0 9.743916443819131e-05
-620.0 0.0005041768597859038
-610.0 -0.0007197461427118552
-600.0 1.0195836564277222e-05
-590.0 0.0013026427231693362
-580.0 -8.416951783099492e-05
-570.0 -0.0005277967371383669
-560.0 0.001488061439395857
-550.0 -0.0004594259248932391
-540.0 -9.282049298311567e-05
-530.0 0.0008402239541389282
-520.0 -0.001678063380899322
-510.0 0.0011131117637970078
-500.0 0.0006559734240947357
-490.0 -0.002823519327040092
-480.0 0.002276053214948076
-470.0 -0.000658524185704776
-460.0 0.0006314922863127912
-450.0 0.00015437247220679608
-440.0 -5.3112181569045513e-05
-430.0 -0.0017122347359429134
-420.0 -0.0004581304727324653
-410.0 0.0006202364857615661
-400.0 0.0015388581208585928
-390.0 0.0005168422714606335
-380.0 -0.0015170945810344524
-370.0 0.0013821714015550416
-360.0 -8.561730576440389e-05
-350.0 0.0021384887086138777
-340.0 -0.0010831900594974343
-330.0 -0.0015042920724764666
-320.0 2.3460708498663704e-05
-310.0 0.0010292175217831677
-300.0 0.0007994182463216867
-290.0 -0.0007998564502062367
-280.0 -0.0014966200653291125
-270.0 0.0018775727622222464
-260.0 0.0003194245335431962
-250.0 -0.00029074937167594683
-240.0 0.00010056328888592703
-230.0 0.0006835426739983004
-220.0 -0.0013994161296825153
-210.0 0.0014074857590528136
-200.0 0.0015386104970576304
-190.0 0.00026389563491078724
-180.0 -0.0008191505085506159
-170.0 0.0021557953381501765
-160.0 0.0030282500619894653
-150.0 0.003312249932255845
-140.0 0.006130078778230387
-130.0 0.00677783889276401
-120.0 0.0028585950114279057
-110.0 0.01005811507094452
-100.0 0.019215972149720956
-90.0 0.026446477955870892
-80.0 0.03748298685140762
-70.0 0.06555793316881711
-60.0 0.12866762787293978
-50.0 0.23106943011629627
-40.0 0.5189279726062901
-30.0 1.387692144046984
-20.0 5.191993094278536
-10.0 23.433328297483353
0.0 0.0
