-1000.0 6.633031312430402e-05
-990.0 7.29820111884688e-05
-980.0 8.214311255606512e-05
-970.0 7.742318175864329e-05
-960.0 8.048657457156662e-05
-950.0 8.084759262902914e-05
-940.0 7.873968628131644e-05
-930.0 8.203223386075576e-05
-920.0 9.451649597480696e-05
-910.0 8.89231392138326e-05
-900.0 9.429983897242365e-05
-890.0 0.00010028851887122618
-880.0 0.00010072829126230117
-870.0 0.000100437997641428
-860.0 0.0001053414671790938
-850.0 0.00010994543956950743
-840.0 0.00011158101789485464
-830.0 0.00011979015774662946
-820.0 0.00011901532324957908
-810.0 0.00012900503985215686
-800.0 0.00013104218480251243
-790.0 0.00013498355954218288
-780.0 0.00013356207149498587
-770.0 0.00014586706930852216
-760.0 0.00014681333548320733
-750.0 0.00015109135313994042
-740.0 0.0001673611815120705
-730.0 0.00016828155747214199
-720.0 0.00017312005178427234
-710.0 0.0001848378575037586
-700.0 0.00018903141383478625
-690.0 0.00019478075741727614
-680.0 0.00019342886806932475
-670.0 0.0002081979938293053
-660.0 0.00021353231524612608
-650.0 0.00021915514065025025
-640.0 0.00023889508320794507
-630.0 0.00024616408090641465
-620.0 0.00025413619039193347
-610.0 0.0002657692842733907
-600.0 0.00027918027111321913
-590.0 0.0002823175126231915
-580.0 0.0003032264957729949
-570.0 0.00032144490232295365
-560.0 0.0003387456550325605
-550.0 0.00035534676208211083
-540.0 0.00037008779840498504
-530.0 0.0003867496709171376
-520.0 0.0004044560308478886
-510.0 0.0004173104226820987
-500.0 0.0004497380214536228
-490.0 0.00048713925771915395
-480.0 0.0005017270578702216
-470.0 0.0005330049472988129
-460.0 0.0005490328245688503
-450.0 0.0005819495598713258
-440.0 0.0006184330863996545
-430.0 0.0006656665477616834
-420.0 0.0007112199164410108
-410.0 0.0007515381414322499
-400.0 0.0007932173440305663
-390.0 0.000851796829325442
-380.0 0.0009087452741659594
-370.0 0.0009603320938812556
-360.0 0.0010468900596191562
-350.0 0.0011013182916084902
-340.0 0.0011894559806668206
-330.0 0.0012872292345134512
-320.0 0.0013909418882125546
-310.0 0.0015185378188973303
-300.0 0.0016161711884777928
-290.0 0.0017659974898220736
-280.0 0.001930666960299034
-270.0 0.0021026380383613852
-260.0 0.0023026108514673745
-250.0 0.0025262619413644106
-240.0 0.0028137230112805288
-230.0 0.0031081451725356504
-220.0 0.0034614310645045957
-210.0 0.00390541794062398
-200.0 0.004365095089839698
-190.0 0.004906354423445522
-180.0 0.0056214602254169325
-170.0 0.0063771011303197555
-160.0 0.007389325210036467
-150.0 0.008544723978336829
-140.0 0.010050599721119153
-130.0 0.011978367504977442
-120.0 0.014361833189539598
-110.0 0.017562358241237582
-100.0 0.02178204296457785
-90.0 0.027717611865901697
-80.0 0.035982877807503734
-70.0 0.04834379521223298
-60.0 0.06783504485899695
-50.0 0.10064120247628859
-40.0 0.16202092069871
-30.0 0.29534020760202695
-20.0 0.6643940546010139
-10.0 1.721650913363486
0.0 0.0
