-1000.0 1.32049933726938e-07
-990.0 9.393385681372645e-08
-980.0 1.0807692117105147e-07
-970.0 1.1869149371020624e-07
-960.0 1.5915619560782168e-07
-950.0 1.1295664921444232e-07
-940.0 1.676605520084368e-07
-930.0 1.5655092304283535e-07
-920.0 1.7713560623658147e-07
-910.0 2.11855764159587e-07
-900.0 1.732323100872748e-07
-890.0 1.5290789701223574e-07
-880.0 2.0344002050559282e-07
-870.0 2.8096175738895786e-07
-860.0 2.0117146294529565e-07
-850.0 2.130636257695254e-07
-840.0 2.533578161095003e-07
-830.0 2.815162051040395e-07
-820.0 2.466997925632006e-07
-810.0 2.87371725591288e-07
-800.0 3.2497151464083523e-07
-790.0 3.388093377299513e-07
-780.0 2.99711684727735e-07
-770.0 3.3846998146666854e-07
-760.0 3.5192977354832326e-07
-750.0 4.036391914891793e-07
-740.0 4.819448618707981e-07
-730.0 5.362008746315735e-07
-720.0 5.605769202721163e-07
-710.0 6.403945560077588e-07
-700.0 7.288419303699958e-07
-690.0 6.901678491555587e-07
-680.0 6.683715942915793e-07
-670.0 6.952823124058169e-07
-660.0 8.120178584892803e-07
-650.0 8.042935221832277e-07
-640.0 9.420821089901298e-07
-630.0 9.349090885237265e-07
-620.0 1.1062715662252103e-06
-610.0 1.1752179424380836e-06
-600.0 1.2359363599235975e-06
-590.0 1.2655232549787115e-06
-580.0 1.266107029380262e-06
-570.0 1.4713164376136538e-06
-560.0 1.822378328565223e-06
-550.0 2.002137294400801e-06
-540.0 2.2156613454041652e-06
-530.0 1.9507229517944925e-06
-520.0 2.354709112329209e-06
-510.0 2.8332478526339175e-06
-500.0 2.6286203656882145e-06
-490.0 3.2460533319458583e-06
-480.0 3.4070603621194104e-06
-470.0 3.837392867221917e-06
-460.0 3.380604659481573e-06
-450.0 4.434403558218443e-06
-440.0 4.868626366084109e-06
-430.0 5.590617891686298e-06
-420.0 6.142619639087529e-06
-410.0 7.114299148781567e-06
-400.0 6.882343925170663e-06
-390.0 8.59753717690638e-06
-380.0 9.42435287826988e-06
-370.0 1.0854821630793956e-05
-360.0 1.2057439229660038e-05
-350.0 1.3788877560251928e-05
-340.0 1.4242401792105497e-05
-330.0 1.86638598152196e-05
-320.0 2.0027900402427547e-05
-310.0 2.4489017274068385e-05
-300.0 2.5563498927478636e-05
-290.0 3.0054819036793418e-05
-280.0 3.805900186832252e-05
-270.0 4.119428488286394e-05
-260.0 4.813672007348161e-05
-250.0 6.133881121586499e-05
-240.0 7.03642978570821e-05
-230.0 9.160059926227545e-05
-220.0 0.00010943346937992937
-210.0 0.00013011291549223618
-200.0 0.00016482727860895938
-190.0 0.0002105844805672314
-180.0 0.00024036268925190456
-170.0 0.00029898131322537687
-160.0 0.0004096357805231123
-150.0 0.0005445025266417536
-140.0 0.0007580005953895001
-130.0 0.0010404797013590413
-120.0 0.0014072310183435612
-110.0 0.002089410042223606
-100.0 0.003075576893102635
-90.0 0.004800735622202704
-80.0 0.007852599373439562
-70.0 0.013738029003943029
-60.0 0.026039876705207438
-50.0 0.055164142903656635
-40.0 0.13757767614213312
-30.0 0.44268245976727266
-20.0 2.2954046520784033
-10.0 16.40496855277
0.0 0.0
