-1000.0 0.00017141271760778213
-990.0 0.00019604672125317078
-980.0 0.00018104076099093597
-970.0 0.0002127324485919315
-960.0 0.00021342844497886025
-950.0 0.00020994645004413645
-940.0 0.00021663853425600406
-930.0 0.00023611519250143294
-920.0 0.0002477178158188661
-910.0 0.00023932125250913016
-900.0 0.0002714669147832934
-890.0 0.00027066168956449557
-880.0 0.0002929641566515166
-870.0 0.0002785640444140964
-860.0 0.00029004599780846715
-850.0 0.0002908658766378102
-840.0 0.00031099205176203157
-830.0 0.0003222947276324984
-820.0 0.00032381465113145964
-810.0 0.0003190069665415484
-800.0 0.00035350440849209224
-790.0 0.0003584106891503302
-780.0 0.00039230655056457324
-770.0 0.0003856699801473816
-760.0 0.0004143999372336136
-750.0 0.000423372545885664
-740.0 0.00044616876778986005
-730.0 0.00045879587870207363
-720.0 0.0004440686997081022
-710.0 0.0004782586147156721
-700.0 0.0005028119856244457
-690.0 0.0005125922569921086
-680.0 0.0005360630657024448
-670.0 0.0005616849059414386
-660.0 0.0005785404794962622
-650.0 0.0006324025652314209
-640.0 0.0006485269073484166
-630.0 0.0006764196028066089
-620.0 0.0006762093482166955
-610.0 0.0007296240813248636
-600.0 0.0007541700696735848
-590.0 0.0008005972699937485
-580.0 0.0008263440182049324
-570.0 0.000866191972021764
-560.0 0.0009015610576700334
-550.0 0.0009424694574185192
-540.0 0.0009739109012863672
-530.0 0.0010701361365530865
-520.0 0.0011312794989569075
-510.0 0.0011579956522542465
-500.0 0.0011944524030793843
-490.0 0.0012853468221868346
-480.0 0.001321834048587653
-470.0 0.0014678050391503663
-460.0 0.0015530393706100045
-450.0 0.0015602588218936251
-440.0 0.0017076835819019847
-430.0 0.0018266721043201206
-420.0 0.0019331151018858537
-410.0 0.0020610405230790853
-400.0 0.0021598481903959124
-390.0 0.002313033262187301
-380.0 0.0025349617886199073
-370.0 0.0026409938086143264
-360.0 0.0028308185563793945
-350.0 0.0030759010967982047
-340.0 0.0032788496210937024
-330.0 0.003624905389320693
-320.0 0.003769233983485521
-310.0 0.004194091431661283
-300.0 0.004511661297320657
-290.0 0.00493599143101064
-280.0 0.005370066148597317
-270.0 0.0058885712076946345
-260.0 0.006459084280805562
-250.0 0.007120255423611209
-240.0 0.007915050763799409
-230.0 0.00882417623735622
-220.0 0.009874271611787768
-210.0 0.01097708958116577
-200.0 0.012365793412711946
-190.0 0.014007157536809686
-180.0 0.015893415784874174
-170.0 0.018424653197303808
-160.0 0.021330899504072028
-150.0 0.02485261061665392
-140.0 0.02957141018751025
-130.0 0.03517534979906286
-120.0 0.04242889101673218
-110.0 0.052379912060578585
-100.0 0.06586889822653896
-90.0 0.08465422410505771
-80.0 0.11228403829381835
-70.0 0.15466159384728487
-60.0 0.22455164825495819
-50.0 0.3513353236544666
-40.0 0.6180126342745187
-30.0 1.328117443085994
-20.0 4.334846565913659
-10.0 21.85690321314712
0.0 0.0
