0.0 -0.3305241841238096
0.0625 -0.3271278350471454
0.125 -0.32775015063263324
0.1875 -0.3216485732940053
0.25 -0.32530195802599093
0.3125 -0.3358531825793267
0.375 -0.31670193204128316
0.4375 -0.3164427939728776
0.5 -0.28753984987934145
0.5625 -0.2969344329595118
0.625 -0.3139606748610051
0.6875 -0.29375435524150756
0.75 -0.2890906559591977
0.8125 -0.2722846445068584
0.875 -0.2637064707533109
0.9375 -0.2591547170676857
1.0 -0.2607305524239098
1.0625 -0.25041862429931044
1.125 -0.23423483263139008
1.1875 -0.2265981332864343
1.25 -0.2150478186676419
1.3125 -0.2124777817757858
1.375 -0.199883194677004
1.4375 -0.19055891113872392
1.5 -0.17987644776863382
1.5625 -0.1808214014777041
1.625 -0.16956206614524597
1.6875 -0.17955417568065177
1.75 -0.1601276990138808
1.8125 -0.13245290336057108
1.875 -0.12989924419270282
1.9375 -0.12236362937511541
2.0 -0.1120438436748212
2.0625 -0.10369461677946053
2.125 -0.09891100562584323
2.1875 -0.08561258701348962
2.25 -0.08056744300693856
2.3125 -0.07069731312422609
2.375 -0.06847300871372661
2.4375 -0.06015220734499323
2.5 0.0
