0.0 0.00045462699471441774
0.09 0.0004538695591694708
0.18 0.0004507699129029362
0.27 0.00044838543793555613
0.36 0.0004436849526025401
0.45 0.0004396223591655889
0.54 0.00043177139830458756
0.63 0.00042320070651560556
0.72 0.0004146607480503021
0.8099999999999999 0.0004030610936965993
0.8999999999999999 0.00039188248111066305
0.99 0.0003790703339525778
1.08 0.00036346770482769964
1.17 0.0003475576392159345
1.26 0.0003312879558494606
1.35 0.00031242885378414816
1.44 0.00029505408610479766
1.53 0.00027529958693643
1.62 0.0002559524625462527
1.71 0.00023575145943300065
1.8 0.00021573616605106413
1.89 0.00019615492400747972
1.98 0.00017642740187173958
2.07 0.00015759015916905802
2.16 0.0001380242143765844
2.25 0.0001204445930847133
2.34 0.00010092144249936067
2.43 6.854905121512968e-05
2.52 2.8869024984786986e-05
2.61 5.20334068046913e-06
2.7 9.316020730788531e-08
2.79 0.0
2.88 0.0
2.97 0.0
3.06 0.0
3.15 0.0
3.24 0.0
3.33 0.0
3.42 0.0
3.51 0.0
3.6 0.0
3.69 0.0
3.78 0.0
3.87 0.0
3.96 0.0
4.05 0.0
4.14 0.0
4.23 0.0
4.32 0.0
4.41 0.0
4.5 0.0
