0.0 0.10079335890725914
0.0625 0.10049414424855377
0.125 0.10040352927009223
0.1875 0.09961379238652351
0.25 0.09885326380751287
0.3125 0.09805067755990535
0.375 0.09706986119532443
0.4375 0.09571963587506825
0.5 0.094010328005808
0.5625 0.0925879706547428
0.625 0.09080357862097392
0.6875 0.08895971337350458
0.75 0.08686070060574119
0.8125 0.08451816322814938
0.875 0.08241985510349076
0.9375 0.07994741468438685
1.0 0.07735386136725064
1.0625 0.07455518495665138
1.125 0.07194130876481072
1.1875 0.0691655565979906
1.25 0.06632633100327699
1.3125 0.0634899316814192
1.375 0.06043477793606573
1.4375 0.05743207221840165
1.5 0.05443848408282997
1.5625 0.05137012827232106
1.625 0.04835615055127252
1.6875 0.04553061648024647
1.75 0.04238175414750524
1.8125 0.03959072965260134
1.875 0.036767891806017576
1.9375 0.0340339173218628
2.0 0.031317312517645884
2.0625 0.028869037857540684
2.125 0.02630677888573283
2.1875 0.023977599972264195
2.25 0.0216908242175176
2.3125 0.01951112731414054
2.375 0.017541209451486274
2.4375 0.01561676581344837
2.5 0.0
