0.0 0.00046943192188344504
0.0625 0.0004704623581555943
0.125 0.00046991051193825826
0.1875 0.0004653848075057329
0.25 0.0004642801725523717
0.3125 0.0004598552365444922
0.375 0.0004572490566679636
0.4375 0.00045016146979772424
0.5 0.0004470068115454709
0.5625 0.0004400445318096193
0.625 0.00043278285227631315
0.6875 0.0004258532235173402
0.75 0.00041862538163062825
0.8125 0.0004092252226699979
0.875 0.000400745074900701
0.9375 0.00038931340677748216
1.0 0.0003800607476343648
1.0625 0.0003688354298187619
1.125 0.00035642094148584104
1.1875 0.0003452450584588275
1.25 0.00033269922000236154
1.3125 0.00032012117694108454
1.375 0.0003061172908500543
1.4375 0.00029243760959619095
1.5 0.00027993446855397846
1.5625 0.00026554161448528974
1.625 0.00025134660143136776
1.6875 0.00023726798221675256
1.75 0.00022383853487940652
1.8125 0.000209438064260979
1.875 0.00019624936255079742
1.9375 0.0001819487968820865
2.0 0.0001682478311768112
2.0625 0.0001539348331267782
2.125 0.00014193755030656523
2.1875 0.0001290524611943815
2.25 0.00011762188676685444
2.3125 0.00010451215524233826
2.375 9.508605323350562e-05
2.4375 8.533594388296701e-05
2.5 0.0
