0.0 0.10032392698537569
0.0625 0.10002368189039818
0.125 0.09993361875815397
0.1875 0.09914840757901779
0.25 0.0983889836349605
0.3125 0.09759082232336086
0.375 0.09661261213865646
0.4375 0.09526947440527053
0.5 0.09356332119426253
0.5625 0.09214792612293317
0.625 0.09037079576869761
0.6875 0.08853386014998725
0.75 0.08644207522411057
0.8125 0.08410893800547939
0.875 0.08201911002859005
0.9375 0.07955810127760936
1.0 0.07697380061961628
1.0625 0.07418634952683262
1.125 0.07158488782332488
1.1875 0.06882031153953178
1.25 0.06599363178327464
1.3125 0.06316981050447812
1.375 0.06012866064521567
1.4375 0.05713963460880546
1.5 0.05415854961427599
1.5625 0.05110458665783577
1.625 0.04810480394984115
1.6875 0.04529334849802972
1.75 0.04215791561262583
1.8125 0.03938129158834036
1.875 0.03657164244346678
1.9375 0.03385196852498071
2.0 0.031149064686469077
2.0625 0.028715103024413907
2.125 0.026164841335426264
2.1875 0.023848547511069813
2.25 0.021573202330750742
2.3125 0.019406615158898202
2.375 0.01744612339825277
2.4375 0.015531429869565403
2.5 0.0
