0.0 28.294923014617513
0.0625 28.266148622577614
0.125 28.133423818573
0.1875 27.97384181526128
0.25 27.78740740519773
0.3125 27.559122695580314
0.375 27.24369901372421
0.4375 26.90509229465077
0.5 26.482722023271528
0.5625 26.02142832959048
0.625 25.57780922156615
0.6875 25.044971588902534
0.75 24.482995758339694
0.8125 23.877891541902837
0.875 23.279255834210126
0.9375 22.57575853956408
1.0 21.919531636387585
1.0625 21.1926377986206
1.125 20.47278429659019
1.1875 19.71967220129085
1.25 18.940722417022638
1.3125 18.144144283602753
1.375 17.351713194389394
1.4375 16.532376431724156
1.5 15.747314427478734
1.5625 14.871438274864737
1.625 14.076946649997053
1.6875 13.312918428820021
1.75 12.512053550870599
1.8125 11.756473085803393
1.875 10.945059090545463
1.9375 10.162154657355993
2.0 9.447078168794155
2.0625 8.750259167433219
2.125 8.01176974760943
2.1875 7.355761558645542
2.25 6.70557138139802
2.3125 6.116476716631657
2.375 5.509912498846204
2.4375 4.975778829134562
2.5 0.0
