0.0 0.09875527764556685
0.09 0.09849135609612801
0.18 0.09778387496359899
0.27 0.09673970416483284
0.36 0.09537156130207253
0.45 0.09371390130776137
0.54 0.09159229495213517
0.63 0.08934718667167788
0.72 0.08658205069726155
0.8099999999999999 0.08353114636303625
0.8999999999999999 0.08045084336875857
0.99 0.07690092658180314
1.08 0.07320884073051333
1.17 0.06933050050148
1.26 0.06536656886268023
1.35 0.06104584122092284
1.44 0.05698943332824674
1.53 0.05271967834031219
1.62 0.04822330265810495
1.71 0.04410415764540401
1.8 0.03995570596817947
1.89 0.03585660054371829
1.98 0.031996037446232785
2.07 0.028360214270571178
2.16 0.024855599573618638
2.25 0.02149670737516651
2.34 0.017545311203611684
2.43 0.01076217582705853
2.52 0.0037243003622743857
2.61 0.0005327789955825833
2.7 7.632658206295344e-06
2.79 0.0
2.88 0.0
2.97 0.0
3.06 0.0
3.15 0.0
3.24 0.0
3.33 0.0
3.42 0.0
3.51 0.0
3.6 0.0
3.69 0.0
3.78 0.0
3.87 0.0
3.96 0.0
4.05 0.0
4.14 0.0
4.23 0.0
4.32 0.0
4.41 0.0
4.5 0.0
