0.0 27.788204171432014
0.09 27.685958970421815
0.18 27.49293711666707
0.27 27.228400834724862
0.36 26.88517564319309
0.45 26.382259873754865
0.54 25.82987682305223
0.63 25.186755769877085
0.72 24.487980869714143
0.8099999999999999 23.670906250389475
0.8999999999999999 22.807994935379845
0.99 21.849102452480178
1.08 20.872779238807414
1.17 19.836211609885524
1.26 18.738169885037173
1.35 17.631977127228932
1.44 16.496966927794382
1.53 15.292171429679641
1.62 14.17116141814005
1.71 13.049922765202975
1.8 11.892557246470167
1.89 10.77339992655054
1.98 9.71590131924466
2.07 8.6941797639933
2.16 7.6735530182386515
2.25 6.743200673050684
2.34 5.629613510400085
2.43 3.6297765221749017
2.52 1.3873411997368594
2.61 0.2205793150751892
2.7 0.002927844553507015
2.79 0.0
2.88 0.0
2.97 0.0
3.06 0.0
3.15 0.0
3.24 0.0
3.33 0.0
3.42 0.0
3.51 0.0
3.6 0.0
3.69 0.0
3.78 0.0
3.87 0.0
3.96 0.0
4.05 0.0
4.14 0.0
4.23 0.0
4.32 0.0
4.41 0.0
4.5 0.0
