0.0 0.09864274866327252
0.09 0.10799772447553521
0.18 0.10437171368539934
0.27 0.10371560897964342
0.36 0.10632741365620356
0.45 0.09767975204402866
0.54 0.1030829892028707
0.63 0.09053724569134629
0.72 0.0919672087618556
0.8099999999999999 0.10095826765825153
0.8999999999999999 0.08389554080576596
0.99 0.07979603917770582
1.08 0.08015097314129406
1.17 0.06757007968219347
1.26 0.0746768434321665
1.35 0.0686711510996523
1.44 0.06650559306847159
1.53 0.05588830518614847
1.62 0.05199186019396571
1.71 0.05299654726740036
1.8 0.045257415401541615
1.89 0.043514478355281494
1.98 0.03876489668769545
2.07 0.03236024322210479
2.16 0.031627372756141886
2.25 0.03401639804414399
2.34 0.025277807590844532
2.43 0.011813239350816712
2.52 0.003243748075698839
2.61 -0.007528246038740496
2.7 -0.004774785391340588
2.79 -0.0025406331162845536
2.88 -0.0015108137446892885
2.97 -0.0009578273449646103
3.06 -0.0005266437056565754
3.15 -0.00038634144499837214
3.24 -0.0002003930062629436
3.33 -0.00014845061595792966
3.42 -5.219225732413605e-05
3.51 2.1905059328783723e-06
3.6 -2.0932481417477408e-05
3.69 -1.0301993450916582e-05
3.78 -6.663856848332243e-06
3.87 -5.726187135344908e-06
3.96 -7.387638678168451e-07
4.05 8.7106635875098e-07
4.14 -1.1017084329153973e-07
4.23 -1.4207877447216646e-07
4.32 -1.15085400640535e-08
4.41 2.1148225487132014e-06
4.5 0.0
