0.0 0.09920990464028127
0.09 0.09894522565529748
0.18 0.09823464487650192
0.27 0.0971880896027684
0.36 0.09581524625467507
0.45 0.09415352366692696
0.54 0.09202406635043975
0.63 0.08977038737819348
0.72 0.08699671144531185
0.8099999999999999 0.08393420745673286
0.8999999999999999 0.08084272584986923
0.99 0.07727999691575572
1.08 0.07357230843534103
1.17 0.06967805814069593
1.26 0.06569785681852969
1.35 0.06135827007470699
1.44 0.05728448741435154
1.53 0.05299497792724862
1.62 0.0484792551206512
1.71 0.04433990910483701
1.8 0.04017144213423053
1.89 0.03605275546772577
1.98 0.03217246484810452
2.07 0.028517804429740237
2.16 0.02499362378799522
2.25 0.021617151968251223
2.34 0.017646232646111044
2.43 0.01083072487827366
2.52 0.003753169387259173
2.61 0.0005379823362630525
2.7 7.72581841360323e-06
2.79 0.0
2.88 0.0
2.97 0.0
3.06 0.0
3.15 0.0
3.24 0.0
3.33 0.0
3.42 0.0
3.51 0.0
3.6 0.0
3.69 0.0
3.78 0.0
3.87 0.0
3.96 0.0
4.05 0.0
4.14 0.0
4.23 0.0
4.32 0.0
4.41 0.0
4.5 0.0
