0.0 0.10239870831831216
0.0625 0.09968604179067236
0.125 0.1081394022131401
0.1875 0.10245260391930847
0.25 0.10347198704890236
0.3125 0.09985030504307352
0.375 0.10118606830851162
0.4375 0.09752634457676557
0.5 0.10485878377284778
0.5625 0.0972592467575774
0.625 0.10002882624004204
0.6875 0.09286317272370012
0.75 0.08978201005578296
0.8125 0.08722511151138464
0.875 0.08658588907086166
0.9375 0.08502020331411465
1.0 0.08044872319296455
1.0625 0.08003304915440804
1.125 0.07703103527326104
1.1875 0.07349194059508568
1.25 0.07352356552661737
1.3125 0.06956995732460673
1.375 0.06412195823204388
1.4375 0.06320897083759969
1.5 0.05849934316362658
1.5625 0.05916278909554607
1.625 0.05239675583508861
1.6875 0.049275119699951034
1.75 0.04949136070124901
1.8125 0.047567431130729594
1.875 0.04618628813954438
1.9375 0.04444134600435757
2.0 0.03896413834158887
2.0625 0.033695926366314084
2.125 0.033713656806808996
2.1875 0.03165750535909179
2.25 0.029839042603124456
2.3125 0.027047762351790263
2.375 0.023225249817419975
2.4375 0.020948539426196584
2.5 0.0
