0.0 -10.101546411147682
0.01 -9.693093809576077
0.02 -8.778102635682215
0.03 -7.331568209111672
0.04 -6.047434614225185
0.05 -4.256566572565478
0.06 -2.9298942943046105
0.07 -1.9015784895877768
0.08 -1.070613732161761
0.09 -0.5803664946352355
0.1 -0.28731609355743204
0.11 -0.14015845680406902
0.12 -0.08464506664387503
0.13 -0.06167148947994815
0.14 -0.05252390031889492
0.15 -0.046856410853383615
0.16 -0.04089098932731599
0.17 -0.03512433550170101
0.18 -0.03014736870893112
0.19 -0.027226073293258497
0.2 -0.024582789478033037
0.21 -0.021410170285426577
0.22 -0.019358481293571747
0.23 -0.014462333503565569
0.24 -0.012524725079929907
0.25 -0.011663716327610195
0.26 -0.010842803029866751
0.27 -0.009854365177505233
0.28 -0.008143050757646103
0.29 -0.00661839302798606
0.3 -0.006867544138159318
0.31 -0.004520938691556096
0.32 -0.00498448159475852
0.33 -0.005312375551167176
0.34 -0.00452203396861139
0.35 -0.004136567576058853
0.36 -0.003658205246041048
0.37 -0.003325903269721727
0.38 -0.002105176577985174
0.39 -0.002567867353148744
0.4 -0.0016231550816448912
0.41 -0.0026912083492757373
0.42 -0.0054172634416182735
0.43 -0.0019886904800034137
0.44 -0.0014369241952759976
0.45 -0.002075063847407732
0.46 -0.0012968614166165152
0.47 -0.0021581739138939768
0.48 -0.0007326879156413119
0.49 -0.0013335698115464576
0.5 -0.0009423843717341597
0.51 -0.0022379155612429753
0.52 -0.0012024494324361906
0.53 -0.0010641649321838326
0.54 -0.0012114263930017258
0.55 -0.001405657460493827
0.56 -0.0010899335062485636
0.5700000000000001 -0.0007356136081373388
0.58 -0.0008700932525303436
0.59 -0.0013122441449059787
0.6 -0.000959759354719115
0.61 -0.001502921463561693
0.62 -0.0009006079942466051
0.63 -0.001215814894634643
0.64 -0.0016601025799171441
0.65 -0.0009496076465842202
0.66 -0.0011703750685109005
0.67 -0.0008646477713731497
0.68 -0.0012143706959396362
0.6900000000000001 -0.0010812985537327732
0.7000000000000001 -0.0012424641539751223
0.71 -0.0014054719559569993
0.72 -0.001199799767492818
0.73 -0.001145790370303968
0.74 -0.001424111381738975
0.75 -0.001405828669732459
0.76 -0.0015161535643023049
0.77 -0.0012923829058592527
0.78 -0.0014689859288044857
0.79 -0.0011062325001342083
0.8 -0.0014877980691964316
0.81 -0.0015751855889515492
0.8200000000000001 -0.001433244669924752
0.8300000000000001 -0.0012410940968664375
0.84 -0.0013702247563140365
0.85 -0.0015255944695426202
0.86 -0.0015469486102783385
0.87 -0.0019105733649192262
0.88 -0.0012628448113832674
0.89 -0.0012692920705557548
0.9 -0.0014132248162269292
0.91 -0.001538985441475513
0.92 -0.0017141770215755618
0.93 -0.0014177057262485138
0.9400000000000001 -0.0012918897538600688
0.9500000000000001 -0.001422590823928101
0.96 -0.001216595916719882
0.97 -0.0016594316516376567
0.98 -0.0017286416312150541
0.99 -0.0014834548551152756
1.0 0.0
