-1.0 179.46738985050288
-0.98 92.98577929980354
-0.96 68.02919636577371
-0.94 56.09771663967574
-0.92 49.02500013969793
-0.9 43.98245065608754
-0.88 40.363891799689924
-0.86 37.53413373993421
-0.84 35.11567753589426
-0.8200000000000001 33.23879009485357
-0.8 31.638960103017205
-0.78 30.216780487621822
-0.76 29.078034956921343
-0.74 28.00381334485799
-0.72 27.051547179629907
-0.7 26.23335695944109
-0.6799999999999999 25.44731038847212
-0.6599999999999999 24.743485282692454
-0.64 24.15425104862396
-0.62 23.65855455130541
-0.6 23.085045518385723
-0.5800000000000001 22.647079837989693
-0.56 22.252053751808432
-0.54 21.812567877926337
-0.52 21.431595365318593
-0.5 21.122620271013684
-0.48 20.775945124718355
-0.46 20.485210384583276
-0.4399999999999999 20.28423231919755
-0.42 20.001079938333746
-0.4 19.722867593575256
-0.38 19.519064899800302
-0.36 19.343115151237924
-0.34 19.09007722329746
-0.32 18.92861018893697
-0.2999999999999999 18.778105206972455
-0.28 18.56004521547924
-0.26 18.440266671387302
-0.24 18.379550568935947
-0.22 18.239776907066094
-0.2 18.104546019563337
-0.1799999999999999 17.990292571132443
-0.16 17.86543089510197
-0.14 17.819078767583687
-0.12 17.690857076705743
-0.09999999999999998 17.62166492299671
-0.07999999999999996 17.56697761850853
-0.05999999999999994 17.57367596710509
-0.04000000000000004 17.45387079505432
-0.02000000000000002 17.41331774443402
0.0 17.37810719424794
0.02000000000000002 17.363625283107886
0.04000000000000004 17.314968818099224
0.06000000000000005 17.334562906937926
0.08000000000000007 17.300498982700642
0.1000000000000001 17.259105715640565
0.1200000000000001 17.30268925994517
0.1400000000000001 17.313802947304467
0.1599999999999999 17.324901680545032
0.1799999999999999 17.307435603690617
0.2 17.30069001674721
0.22 17.3605533040866
0.24 17.43651785263168
0.26 17.332527073008894
0.28 17.42137748747764
0.3 17.490333804588964
0.3200000000000001 17.462319897641443
0.3400000000000001 17.59594434197908
0.3600000000000001 17.655550175665944
0.3800000000000001 17.68703294192636
0.4000000000000001 17.783548190131693
0.4199999999999999 17.791264808492603
0.4399999999999999 17.836658422974992
0.46 17.914356665594255
0.48 17.994854459993622
0.5 18.12353367593555
0.52 18.17400513209518
0.54 18.302453173982197
0.56 18.334205877031835
0.5800000000000001 18.42210400163663
0.6000000000000001 18.523040526923552
0.6200000000000001 18.539685077271614
0.6400000000000001 18.544562578793563
0.6600000000000001 18.656095303175153
0.6799999999999999 18.659187009696847
0.7 18.645989936178925
0.72 18.601232643064527
0.74 18.542657603320478
0.76 18.258330364791373
0.78 18.01093283814632
0.8 17.627775995794032
0.8200000000000001 16.916071714166794
0.8400000000000001 16.003917628434614
0.8600000000000001 14.869505616332287
0.8800000000000001 12.851394797102742
0.9000000000000001 9.98300232177637
0.9199999999999999 5.482640035185629
0.94 0.4654555309486995
0.96 0.0
0.98 0.0
1.0 0.0
