-1.0 0.5894809716358975
-0.92 0.31440668571558217
-0.84 0.22996793263111653
-0.76 0.18932677958453212
-0.6799999999999999 0.1650539926258438
-0.6 0.14884046515746366
-0.52 0.13652755124511126
-0.4399999999999999 0.12728545651296283
-0.36 0.11927182431964142
-0.28 0.11283803901868152
-0.2 0.10777775927329782
-0.12 0.1029495860060224
-0.04000000000000004 0.09913541477990859
0.04000000000000004 0.09550045060961801
0.1200000000000001 0.09266032980052348
0.2 0.08958596927303575
0.28 0.08711858625524707
0.3600000000000001 0.08489000928089965
0.4399999999999999 0.08278300834701656
0.52 0.08106973220522716
0.6000000000000001 0.07941948438703142
0.6799999999999999 0.07806571573624303
0.76 0.07665071474981956
0.8400000000000001 0.07516621498996377
0.9199999999999999 0.07407057531910202
1.0 0.0730893492220739
