-1.0 -1.8566927754732405
-0.98 -1.0456270627246855
-0.96 -0.7815721781260612
-0.94 -0.6392397641070786
-0.92 -0.5484783620100512
-0.9 -0.48728348966711565
-0.88 -0.5094605296838677
-0.86 -0.40928851599639515
-0.84 -0.389519200069925
-0.8200000000000001 -0.382570350649849
-0.8 -0.33379702909395914
-0.78 -0.35194510457176886
-0.76 -0.32620330896263916
-0.74 -0.3279616034130226
-0.72 -0.31057006867067904
-0.7 -0.2698772827744937
-0.6799999999999999 -0.3113547199297735
-0.6599999999999999 -0.28282411166997046
-0.64 -0.26512033251852607
-0.62 -0.27112198775932156
-0.6 -0.24850115620408297
-0.5800000000000001 -0.28760975916194775
-0.56 -0.23531844992878764
-0.54 -0.25625343792323624
-0.52 -0.24168081369373418
-0.5 -0.24003137914984596
-0.48 -0.2484671208513471
-0.46 -0.22945934482264757
-0.4399999999999999 -0.22310171751710473
-0.42 -0.21967307234370217
-0.4 -0.2260374011449457
-0.38 -0.2254694592822355
-0.36 -0.2346470817132787
-0.34 -0.23440762547663685
-0.32 -0.22623872990361132
-0.2999999999999999 -0.21227612587779662
-0.28 -0.2225153508713055
-0.26 -0.2100312230294955
-0.24 -0.20618785728978706
-0.22 -0.2380138941238431
-0.2 -0.17001521795481422
-0.1799999999999999 -0.2135212568633881
-0.16 -0.2444448254512444
-0.14 -0.16842165969954492
-0.12 -0.20285674078583193
-0.09999999999999998 -0.1248188751480706
-0.07999999999999996 -0.28839038976809434
-0.05999999999999994 -0.20869184996911705
-0.04000000000000004 -0.18386058730681587
-0.02000000000000002 -0.2920151971039009
0.0 -0.20639575328073348
0.02000000000000002 -0.21063023543318737
0.04000000000000004 -0.2079072374193095
0.06000000000000005 -0.19934299382320514
0.08000000000000007 -0.213970637827874
0.1000000000000001 -0.20143303290082248
0.1200000000000001 -0.20447715553979673
0.1400000000000001 -0.24490806108830984
0.1599999999999999 -0.18857835269550605
0.1799999999999999 -0.20843553621151364
0.2 -0.20741769068783
0.22 -0.20929165059241878
0.24 -0.1954751480927647
0.26 -0.20756776528382845
0.28 -0.2116851842429295
0.3 -0.20317376992978708
0.3200000000000001 -0.21908663972258421
0.3400000000000001 -0.21417872639415528
0.3600000000000001 -0.20537365915415018
0.3800000000000001 -0.20816190773727863
0.4000000000000001 -0.2101979235123062
0.4199999999999999 -0.21872940183477219
0.4399999999999999 -0.22438109575648815
0.46 -0.2082648514832649
0.48 -0.22841732931740272
0.5 -0.21704662201931096
0.52 -0.23197012719475518
0.54 -0.24155917467786736
0.56 -0.21044545761986072
0.5800000000000001 -0.24454911442487134
0.6000000000000001 -0.22139373549275002
0.6200000000000001 -0.23458218779970402
0.6400000000000001 -0.2343687889118651
0.6600000000000001 -0.22099572476121362
0.6799999999999999 -0.23237427743402977
0.7 -0.2293236790334682
0.72 -0.24147000747607966
0.74 -0.24024749305275217
0.76 -0.23051834517854294
0.78 -0.2337243190403474
0.8 -0.20805691305283694
0.8200000000000001 -0.22549073328775965
0.8400000000000001 -0.2395433648348953
0.8600000000000001 -0.21289390538149688
0.8800000000000001 -0.1783311144617194
0.9000000000000001 -0.1355958866098924
0.9199999999999999 -0.08560655441871903
0.94 -0.007512233524659664
0.96 -0.0021628413236581268
0.98 -0.002214818741158565
1.0 0.0
