-1.0 -1.8566927754732405
-0.92 -1.0456270627246855
-0.84 -0.7815721781260612
-0.76 -0.6392397641070786
-0.6799999999999999 -0.5484783620100512
-0.6 -0.48728348966711565
-0.52 -0.5094605296838677
-0.4399999999999999 -0.40928851599639515
-0.36 -0.389519200069925
-0.28 -0.382570350649849
-0.2 -0.33379702909395914
-0.12 -0.35194510457176886
-0.04000000000000004 -0.32620330896263916
0.04000000000000004 -0.3279616034130226
0.1200000000000001 -0.31057006867067904
0.2 -0.2698772827744937
0.28 -0.3113547199297735
0.3600000000000001 -0.28282411166997046
0.4399999999999999 -0.26512033251852607
0.52 -0.27112198775932156
0.6000000000000001 -0.24850115620408297
0.6799999999999999 -0.28760975916194775
0.76 -0.23531844992878764
0.8400000000000001 -0.25625343792323624
0.9199999999999999 -0.24168081369373418
1.0 -0.24003137914984596
