-1.0 99.14502053893897
-0.92 42.726369083852404
-0.84 32.55255205534671
-0.76 27.59168811021258
-0.6799999999999999 24.500900317773485
-0.6 22.44918674652755
-0.52 20.953842786408476
-0.4399999999999999 19.88181118772671
-0.36 19.034976942611202
-0.28 18.404909840717146
-0.2 17.94483706334536
-0.12 17.61329389632902
-0.04000000000000004 17.40223025421104
0.04000000000000004 17.30228410584459
0.1200000000000001 17.31220737287132
0.2 17.357572061618598
0.28 17.49249388292178
0.3600000000000001 17.72934902905415
0.4399999999999999 17.967350806124607
0.52 18.30819204618646
0.6000000000000001 18.565845871540972
0.6799999999999999 18.612266798065193
0.76 17.70327772822463
0.8400000000000001 13.426955090911502
0.9199999999999999 1.487023891533582
1.0 0.0
