-1.0 0.002226709162292383
-0.98 0.001293552796660096
-0.96 0.0009402481406858924
-0.94 0.000772514294714111
-0.92 0.0006766939533951277
-0.9 0.0006145040421532623
-0.88 0.0005661669235736857
-0.86 0.0005266444769758434
-0.84 0.000496366937129089
-0.8200000000000001 0.00047157541220227124
-0.8 0.0004511570938499421
-0.78 0.00043401292730064025
-0.76 0.00041910618943815606
-0.74 0.00040415112218279535
-0.72 0.00039216276523368587
-0.7 0.00038393521520629415
-0.6799999999999999 0.0003760525335640419
-0.6599999999999999 0.00036842142011621353
-0.64 0.00035838693451270673
-0.62 0.0003532660379745614
-0.6 0.0003467695567010914
-0.5800000000000001 0.0003397085015493862
-0.56 0.0003354685593511905
-0.54 0.00033164617320696104
-0.52 0.00032763342248033823
-0.5 0.0003245502358450117
-0.48 0.0003205925366946259
-0.46 0.00031684688246474903
-0.4399999999999999 0.0003141614259667589
-0.42 0.00031299126680839703
-0.4 0.00030960973859146893
-0.38 0.00030829832385549004
-0.36 0.00030547678614807985
-0.34 0.0003036820692637255
-0.32 0.00030402068636554107
-0.2999999999999999 0.0003029572635948082
-0.28 0.0003027001058629733
-0.26 0.0002989953819846728
-0.24 0.00029948647483243223
-0.22 0.00029735947673515924
-0.2 0.0002993935171346699
-0.1799999999999999 0.00029855853755347963
-0.16 0.00029875833702730465
-0.14 0.000298717225184458
-0.12 0.0002955066254825071
-0.09999999999999998 0.00029918529948653745
-0.07999999999999996 0.00029647780992714956
-0.05999999999999994 0.00029789922675596753
-0.04000000000000004 0.0003020563192660016
-0.02000000000000002 0.00030197893181642177
0.0 0.00030092278402146994
0.02000000000000002 0.0003033234523086659
0.04000000000000004 0.0003067382199417865
0.06000000000000005 0.00030556360840682185
0.08000000000000007 0.0003058351205994077
0.1000000000000001 0.0003064198716262845
0.1200000000000001 0.00031013098574925017
0.1400000000000001 0.0003133849843178776
0.1599999999999999 0.00031447287341703574
0.1799999999999999 0.00031894522621146634
0.2 0.0003192979487337041
0.22 0.0003206704263289888
0.24 0.000324669301118385
0.26 0.00032765690143321725
0.28 0.00032917164235017854
0.3 0.0003344048591349853
0.3200000000000001 0.0003356229711694574
0.3400000000000001 0.00034008334773776716
0.3600000000000001 0.0003446165901402903
0.3800000000000001 0.00034893841290069825
0.4000000000000001 0.0003524855212762601
0.4199999999999999 0.0003578443609884899
0.4399999999999999 0.00036257250761423686
0.46 0.00036995888977985465
0.48 0.00037014907233501613
0.5 0.00037780451326294254
0.52 0.00038403403237253554
0.54 0.00039126952425779654
0.56 0.0003968320586380189
0.5800000000000001 0.00040341617057321807
0.6000000000000001 0.0004106309680714243
0.6200000000000001 0.00041849175763135175
0.6400000000000001 0.00042533054014213086
0.6600000000000001 0.0004350064043222111
0.6799999999999999 0.00044200104706030094
0.7 0.00045321658678186446
0.72 0.00046088890456404743
0.74 0.0004698977218330698
0.76 0.0004775276522120045
0.78 0.00048282556924799237
0.8 0.00048820506649877515
0.8200000000000001 0.0004896961221768472
0.8400000000000001 0.0004874544809848277
0.8600000000000001 0.0004673914683658722
0.8800000000000001 0.0004275168945327598
0.9000000000000001 0.0003560126168268272
0.9199999999999999 0.0002117675969701273
0.94 1.9173768281835846e-05
0.96 0.0
0.98 0.0
1.0 0.0
