-1.0 0.8409558960635024
-0.92 0.41298690435735874
-0.84 0.2962949390073353
-0.76 0.23449825779437822
-0.6799999999999999 0.19109814225269114
-0.6 0.177697317746152
-0.52 0.16730011076777218
-0.4399999999999999 0.15012184846347362
-0.36 0.13649913447958628
-0.28 0.13662983921776542
-0.2 0.12286967179064893
-0.12 0.12149423711257745
-0.04000000000000004 0.11618323840374031
0.04000000000000004 0.10675063131880881
0.1200000000000001 0.10334414518959668
0.2 0.10097908022156862
0.28 0.09649684157966437
0.3600000000000001 0.10171549439193843
0.4399999999999999 0.09172055226287994
0.52 0.096908948643089
0.6000000000000001 0.08716883093613453
0.6799999999999999 0.08619296663303792
0.76 0.08912353060438671
0.8400000000000001 0.08200480833561921
0.9199999999999999 0.08339782027244577
1.0 0.08051023984872198
