-1.0 0.5894809716358975
-0.98 0.31440668571558217
-0.96 0.22996793263111653
-0.94 0.18932677958453212
-0.92 0.1650539926258438
-0.9 0.14884046515746366
-0.88 0.13652755124511126
-0.86 0.12728545651296283
-0.84 0.11927182431964142
-0.8200000000000001 0.11283803901868152
-0.8 0.10777775927329782
-0.78 0.1029495860060224
-0.76 0.09913541477990859
-0.74 0.09550045060961801
-0.72 0.09266032980052348
-0.7 0.08958596927303575
-0.6799999999999999 0.08711858625524707
-0.6599999999999999 0.08489000928089965
-0.64 0.08278300834701656
-0.62 0.08106973220522716
-0.6 0.07941948438703142
-0.5800000000000001 0.07806571573624303
-0.56 0.07665071474981956
-0.54 0.07516621498996377
-0.52 0.07407057531910202
-0.5 0.0730893492220739
-0.48 0.07192502964551258
-0.46 0.07114125956079702
-0.4399999999999999 0.0699415141465966
-0.42 0.0690245396467964
-0.4 0.06846344664029892
-0.38 0.0679303324297955
-0.36 0.06706070744268855
-0.34 0.06639254844729935
-0.32 0.06599699358828497
-0.2999999999999999 0.06551144074807848
-0.28 0.06497305326320912
-0.26 0.06459265344001586
-0.24 0.06428921381914104
-0.22 0.06388274603510986
-0.2 0.06339578345404678
-0.1799999999999999 0.0633824213747316
-0.16 0.06280269254703565
-0.14 0.06276815786658578
-0.12 0.06250521331512636
-0.09999999999999998 0.06243150411641347
-0.07999999999999996 0.06209157234952916
-0.05999999999999994 0.06182047851273545
-0.04000000000000004 0.06192538364268638
-0.02000000000000002 0.06174928232278265
0.0 0.06181492714408053
0.02000000000000002 0.06165051645719831
0.04000000000000004 0.06162910747038376
0.06000000000000005 0.061698029863803745
0.08000000000000007 0.06147031119353847
0.1000000000000001 0.06148210407402259
0.1200000000000001 0.061593766790959244
0.1400000000000001 0.06170222086092661
0.1599999999999999 0.06174380453965127
0.1799999999999999 0.06176992612776117
0.2 0.06192227014420922
0.22 0.06220282417115891
0.24 0.062056906028046255
0.26 0.06251507594695749
0.28 0.06265050863461424
0.3 0.06279443525636956
0.3200000000000001 0.06305010565905408
0.3400000000000001 0.06354771277141148
0.3600000000000001 0.06344936441621073
0.3800000000000001 0.06407838301432926
0.4000000000000001 0.06399348099757096
0.4199999999999999 0.06445417234747006
0.4399999999999999 0.06519842951015284
0.46 0.06515900064467745
0.48 0.06550399781391027
0.5 0.06586011197719303
0.52 0.06637975887818941
0.54 0.06680306513923678
0.56 0.06716937022400037
0.5800000000000001 0.06756844639001669
0.6000000000000001 0.06803583711924534
0.6200000000000001 0.06801291328490058
0.6400000000000001 0.06869378663517231
0.6600000000000001 0.06910095163511888
0.6799999999999999 0.06888864136100219
0.7 0.069122660024875
0.72 0.06911730982247706
0.74 0.06910135243381148
0.76 0.0686684416503859
0.78 0.067702839518763
0.8 0.06665318806139192
0.8200000000000001 0.06449943781475047
0.8400000000000001 0.061227250534265955
0.8600000000000001 0.0564503865254239
0.8800000000000001 0.049605693179460286
0.9000000000000001 0.03858725485274892
0.9199999999999999 0.021288338283475188
0.94 0.001855204480151716
0.96 0.0
0.98 0.0
1.0 0.0
