-1.0 0.5872542624736051
-0.98 0.31311313291892207
-0.96 0.22902768449043065
-0.94 0.188554265289818
-0.92 0.16437729867244869
-0.9 0.1482259611153104
-0.88 0.13596138432153757
-0.86 0.126758812035987
-0.84 0.11877545738251233
-0.8200000000000001 0.11236646360647924
-0.8 0.10732660217944788
-0.78 0.10251557307872176
-0.76 0.09871630859047043
-0.74 0.09509629948743521
-0.72 0.0922681670352898
-0.7 0.08920203405782945
-0.6799999999999999 0.08674253372168303
-0.6599999999999999 0.08452158786078344
-0.64 0.08242462141250385
-0.62 0.0807164661672526
-0.6 0.07907271483033033
-0.5800000000000001 0.07772600723469365
-0.56 0.07631524619046837
-0.54 0.0748345688167568
-0.52 0.07374294189662169
-0.5 0.07276479898622888
-0.48 0.07160443710881795
-0.46 0.07082441267833227
-0.4399999999999999 0.06962735272062985
-0.42 0.06871154837998801
-0.4 0.06815383690170745
-0.38 0.06762203410594
-0.36 0.06675523065654047
-0.34 0.06608886637803563
-0.32 0.06569297290191943
-0.2999999999999999 0.06520848348448367
-0.28 0.06467035315734615
-0.26 0.06429365805803118
-0.24 0.0639897273443086
-0.22 0.0635853865583747
-0.2 0.06309638993691212
-0.1799999999999999 0.06308386283717812
-0.16 0.06250393421000834
-0.14 0.06246944064140133
-0.12 0.06220970668964385
-0.09999999999999998 0.06213231881692693
-0.07999999999999996 0.06179509453960201
-0.05999999999999994 0.061522579285979484
-0.04000000000000004 0.06162332732342037
-0.02000000000000002 0.061447303390966226
0.0 0.06151400436005906
0.02000000000000002 0.061347193004889645
0.04000000000000004 0.061322369250441974
0.06000000000000005 0.061392466255396926
0.08000000000000007 0.06116447607293906
0.1000000000000001 0.0611756842023963
0.1200000000000001 0.06128363580520999
0.1400000000000001 0.06138883587660873
0.1599999999999999 0.06142933166623423
0.1799999999999999 0.061450980901549705
0.2 0.06160297219547552
0.22 0.06188215374482992
0.24 0.06173223672692787
0.26 0.06218741904552427
0.28 0.06232133699226406
0.3 0.06246003039723458
0.3200000000000001 0.06271448268788463
0.3400000000000001 0.06320762942367371
0.3600000000000001 0.06310474782607044
0.3800000000000001 0.06372944460142857
0.4000000000000001 0.0636409954762947
0.4199999999999999 0.06409632798648157
0.4399999999999999 0.0648358570025386
0.46 0.0647890417548976
0.48 0.06513384874157525
0.5 0.06548230746393009
0.52 0.06599572484581687
0.54 0.06641179561497898
0.56 0.06677253816536234
0.5800000000000001 0.06716503021944348
0.6000000000000001 0.06762520615117391
0.6200000000000001 0.06759442152726923
0.6400000000000001 0.06826845609503018
0.6600000000000001 0.06866594523079667
0.6799999999999999 0.06844664031394189
0.7 0.06866944343809313
0.72 0.06865642091791302
0.74 0.0686314547119784
0.76 0.0681909139981739
0.78 0.06722001394951502
0.8 0.06616498299489315
0.8200000000000001 0.06400974169257362
0.8400000000000001 0.06073979605328113
0.8600000000000001 0.055982995057058026
0.8800000000000001 0.04917817628492752
0.9000000000000001 0.03823124223592209
0.9199999999999999 0.02107657068650506
0.94 0.00183603071186988
0.96 0.0
0.98 0.0
1.0 0.0
