-1.0 0.5872542624736051
-0.92 0.31311313291892207
-0.84 0.22902768449043065
-0.76 0.188554265289818
-0.6799999999999999 0.16437729867244869
-0.6 0.1482259611153104
-0.52 0.13596138432153757
-0.4399999999999999 0.126758812035987
-0.36 0.11877545738251233
-0.28 0.11236646360647924
-0.2 0.10732660217944788
-0.12 0.10251557307872176
-0.04000000000000004 0.09871630859047043
0.04000000000000004 0.09509629948743521
0.1200000000000001 0.0922681670352898
0.2 0.08920203405782945
0.28 0.08674253372168303
0.3600000000000001 0.08452158786078344
0.4399999999999999 0.08242462141250385
0.52 0.0807164661672526
0.6000000000000001 0.07907271483033033
0.6799999999999999 0.07772600723469365
0.76 0.07631524619046837
0.8400000000000001 0.0748345688167568
0.9199999999999999 0.07374294189662169
1.0 0.07276479898622888
