-3.0 0.0
-2.8 0.0
-2.6 6.422329757379747e-05
-2.4 0.0006727766149443367
-2.2 0.0018179310871630108
-2.0 0.0036544839198497047
-1.8 0.006398984966431189
-1.6 0.010201463203634353
-1.4 0.01514050539447006
-1.2 0.021314756043425948
-1.0 0.028419940252094444
-0.7999999999999998 0.03625137215808512
-0.5999999999999996 0.04418398188997696
-0.3999999999999999 0.05148848551533077
-0.1999999999999997 0.05771267965792125
0.0 0.061517087697133516
0.2000000000000002 0.06271553322116968
0.4000000000000004 0.061531367319924216
0.6000000000000001 0.05826245980993041
0.8000000000000003 0.053278925097877704
1.0 0.047183191556213935
1.2 0.04043672443431078
1.4 0.033740114198026694
1.600000000000001 0.02727569971243055
1.800000000000001 0.021441757961778843
2.0 0.016428961600971997
2.2 0.012318846904147506
2.4 0.008957251152722473
2.600000000000001 0.006098625567023821
2.800000000000001 0.0040346946647529715
3.0 0.002576827539019363
3.2 0.0015929498034092313
3.4 0.0009908388611612191
3.600000000000001 0.0005632979841663084
3.800000000000001 0.0003297815112879724
4.0 0.0001718572381072914
4.2 8.356084666344175e-05
4.4 3.489755112260217e-05
4.600000000000001 1.4576282788798301e-05
4.800000000000001 2.2677148904048203e-06
5.0 0.0
