-5.0 0.0005047693955553399
-4.8 0.002779115618978635
-4.6 0.007856264403478167
-4.4 0.017435413949874096
-4.2 0.03703499201453603
-4.0 0.06820535609240326
-3.8 0.12467573316901541
-3.6 0.20149437878777962
-3.4 0.33973959991657626
-3.2 0.5356936822944285
-3.0 0.8133092406564957
-2.8 1.209449716703747
-2.6 1.7616330033775396
-2.4 2.4727093256284594
-2.2 3.3763904832342955
-2.0 4.478671109505269
-1.8 5.765775839043815
-1.6 7.20354700895224
-1.4 8.707471531642087
-1.2 10.204389074266436
-1.0 11.574999553103291
-0.7999999999999998 12.779648459938382
-0.5999999999999996 13.750102213304213
-0.3999999999999995 14.425161965464335
-0.1999999999999993 14.818113050759832
0.0 14.817643479463413
0.2000000000000002 14.446077177979781
0.4000000000000004 13.737385819028118
0.6000000000000005 12.789824320725293
0.8000000000000007 11.590914901027839
1.0 10.204046934699615
1.2 8.710053015124855
1.4 7.194125243963457
1.600000000000001 5.7665045844254825
1.800000000000001 4.479381017847088
2.0 3.3758132509778442
2.2 2.4697081801560445
2.4 1.7571651106422135
2.600000000000001 1.2198878048420922
2.800000000000001 0.8153639679689526
3.0 0.5331900211949661
3.200000000000001 0.33457236872853763
3.4 0.20819193909459988
3.6 0.12159594537278874
3.800000000000001 0.06898896967267482
4.0 0.03810615057469079
4.200000000000001 0.019043447156969824
4.4 0.008248347946161111
4.600000000000001 0.003092957065583134
4.800000000000001 0.0008591666552555152
5.0 0.0
