-3.0 0.0
-2.8 0.0
-2.6 6.429528287862183e-05
-2.4 0.000673678406722386
-2.2 0.0018212158478243378
-2.0 0.0036628874021455756
-1.8 0.006417033648203051
-1.6 0.010236230508083848
-1.4 0.01520183641918701
-1.2 0.02141417751267536
-1.0 0.028569358226698427
-0.7999999999999998 0.0364595581609423
-0.5999999999999996 0.04445509368031845
-0.3999999999999999 0.05181854805008666
-0.1999999999999997 0.058088436444597345
0.0 0.06191503786602092
0.2000000000000002 0.06310858391960138
0.4000000000000004 0.061896897498344476
0.6000000000000001 0.05858405439128796
0.8000000000000003 0.05354417713587987
1.0 0.0473896009828115
1.2 0.040588794361883694
1.4 0.033846329948807825
1.600000000000001 0.027345808921765823
1.800000000000001 0.0214860221609208
2.0 0.016455392732257636
2.2 0.012334087351497955
2.4 0.008965705933718905
2.600000000000001 0.006103053384441066
2.800000000000001 0.0040368823841071735
3.0 0.0025778214641442687
3.2 0.0015934055843963354
3.4 0.0009910383140307902
3.600000000000001 0.0005633769374571588
3.800000000000001 0.00032981957118922593
4.0 0.00017187071223407648
4.2 8.356420729010537e-05
4.4 3.4899166147194546e-05
4.600000000000001 1.4576566033290874e-05
4.800000000000001 2.2677875346120732e-06
5.0 0.0
