-5.0 1.4952345367463322e-07
-4.8 2.7800683966625854e-05
-4.6 -0.0003758542425108932
-4.4 -0.00011165436943733276
-4.2 -7.193648260766985e-05
-4.0 -0.00021202418869984633
-3.8 -0.0013681500219735057
-3.6 -0.0008667462463058484
-3.4 -0.002243335376348771
-3.2 -0.004132755822378898
-3.0 -0.006235757303723306
-2.8 -0.011548620593910706
-2.6 -0.024290808944787055
-2.4 -0.024109391374643095
-2.2 -0.034355766613498484
-2.0 -0.049011780019844936
-1.8 -0.0651409360386842
-1.6 -0.0834351341128793
-1.4 -0.0986755146694086
-1.2 -0.11920700138776522
-1.0 -0.13659575091818058
-0.7999999999999998 -0.15360981538665197
-0.5999999999999996 -0.17061329358587699
-0.3999999999999995 -0.17453096814482022
-0.1999999999999993 -0.17954465046145474
0.0 -0.18711421222106275
0.2000000000000002 -0.1747342848744063
0.4000000000000004 -0.17236409573273026
0.6000000000000005 -0.15104065733121588
0.8000000000000007 -0.1418030028155055
1.0 -0.11580695974427094
1.2 -0.10443345017966152
1.4 -0.08088468430032567
1.600000000000001 -0.0639530652133733
1.800000000000001 -0.047188817272689254
2.0 -0.03600752998279563
2.2 -0.02605456339880759
2.4 -0.018978942935355007
2.600000000000001 -0.009922725062875025
2.800000000000001 -0.0075457507349810035
3.0 -0.004187762935022216
3.200000000000001 -0.002138007194634726
3.4 -0.0009615335262557175
3.6 -0.00199362168079649
3.800000000000001 -0.0006690511635260468
4.0 -0.00018123684663625805
4.200000000000001 -0.0001252096183850973
4.4 5.829788387707723e-05
4.600000000000001 -5.570946154344782e-06
4.800000000000001 3.6801316539629495e-06
5.0 0.0
