-5.0 7.097742925089293e-11
-4.8 1.2727734024204883e-10
-4.6 7.572605721160909e-10
-4.4 1.5892599658539814e-09
-4.2 7.032915459618015e-09
-4.0 2.2396645178667844e-08
-3.8 3.5001655467614025e-08
-3.6 9.623190475636563e-08
-3.4 2.3133280366273782e-07
-3.2 4.863406858821376e-07
-3.0 1.0904425657912155e-06
-2.8 2.225168432932023e-06
-2.6 4.234262968989065e-06
-2.4 8.044581029542983e-06
-2.2 1.475588659030967e-05
-2.0 2.6280269153999394e-05
-1.8 4.397764925207669e-05
-1.6 7.038684862768313e-05
-1.4 0.00010661299976191883
-1.2 0.00015305153035728193
-1.0 0.00020729606897526253
-0.7999999999999998 0.00026490832587306687
-0.5999999999999996 0.00031812177905858195
-0.3999999999999995 0.0003609562211771911
-0.1999999999999993 0.00038714199342654163
0.0 0.0003865649621369618
0.2000000000000002 0.0003621570120103859
0.4000000000000004 0.00031852018970316787
0.6000000000000005 0.00026487225834165865
0.8000000000000007 0.00020737394363088535
1.0 0.0001527793654896964
1.2 0.0001067879525279432
1.4 7.059620660294191e-05
1.600000000000001 4.418024185505989e-05
1.800000000000001 2.6387412283829912e-05
2.0 1.4960005356657684e-05
2.2 8.097658098954387e-06
2.4 4.29250333226757e-06
2.600000000000001 2.2026489843131317e-06
2.800000000000001 1.09727678841037e-06
3.0 5.075844390237084e-07
3.200000000000001 2.244481834413286e-07
3.4 1.0322096481474298e-07
3.6 4.3951635382710676e-08
3.800000000000001 1.5663256074907092e-08
4.0 6.441211325446124e-09
4.200000000000001 1.7713666977670361e-09
4.4 8.57764020258071e-10
4.600000000000001 1.5596715233075043e-10
4.800000000000001 1.6667780022586249e-12
5.0 0.0
