-3.0 0.0
-2.8 0.0
-2.6 0.025359738835517946
-2.4 0.2553521085701411
-2.2 0.6776912785069092
-2.0 1.3064130305264676
-1.8 2.2012181593094415
-1.6 3.34809937488791
-1.4 4.763211608494385
-1.2 6.360016307925539
-1.0 8.07643029192413
-0.7999999999999998 9.823440729282856
-0.5999999999999996 11.48927740231281
-0.3999999999999999 13.039007249838667
-0.1999999999999997 14.363051930083964
0.0 15.272704600139326
0.2000000000000002 15.832231893605313
0.4000000000000004 15.998210630019683
0.6000000000000001 15.746032051380766
0.8000000000000003 15.089484162206832
1.0 14.048419701040583
1.2 12.654312938272538
1.4 11.049572878027709
1.600000000000001 9.331062264159717
1.800000000000001 7.651639096825975
2.0 6.0745124557052685
2.2 4.687065397214361
2.4 3.4934383751842266
2.600000000000001 2.4293375215458384
2.800000000000001 1.6286732086254534
3.0 1.0688837034893965
3.2 0.6743119686451114
3.4 0.4096863178823774
3.600000000000001 0.24627167854180432
3.800000000000001 0.13719432576507848
4.0 0.07514114258922698
4.2 0.03647886110684385
4.4 0.016104612349639214
4.600000000000001 0.0058720726845617795
4.800000000000001 0.0013639360508108575
5.0 0.0
