-5.0 1.1124422232349035e-06
-4.8 7.330397833356371e-06
-4.6 1.7275611470023866e-05
-4.4 4.5371113622323996e-05
-4.2 8.517947336612881e-05
-4.0 0.00015651987877294797
-3.8 0.0002831477860699081
-3.6 0.0004994343081354462
-3.4 0.000794162855595008
-3.2 0.001283970106857253
-3.0 0.0020180259852371697
-2.8 0.0030513657903144466
-2.6 0.00450448850624772
-2.4 0.0065039856863956256
-2.2 0.00914890007595485
-2.0 0.01255023780562728
-1.8 0.016889808229888312
-1.6 0.02202600376541625
-1.4 0.02786963761463226
-1.2 0.03438692658796276
-1.0 0.04106206709470361
-0.7999999999999998 0.04748423372288372
-0.5999999999999996 0.05316350796205185
-0.3999999999999995 0.05746627624814653
-0.1999999999999993 0.059962578282208516
0.0 0.060040896028410354
0.2000000000000002 0.057460855721542
0.4000000000000004 0.05318848321661022
0.6000000000000005 0.047559378829346986
0.8000000000000007 0.04105146826787399
1.0 0.03441685190752444
1.2 0.027920993166438337
1.4 0.022056556691475944
1.600000000000001 0.016873034340080566
1.800000000000001 0.012598671757438907
2.0 0.00912770850412724
2.2 0.006503780071824692
2.4 0.004525512710349832
2.600000000000001 0.003051687594126636
2.800000000000001 0.0020188563988699877
3.0 0.0012938513572870096
3.200000000000001 0.0007992427288013286
3.4 0.0004916040058953494
3.6 0.00028022915138724985
3.800000000000001 0.0001732996924162768
4.0 8.669123886794719e-05
4.200000000000001 3.8193093667781524e-05
4.4 1.762355467717083e-05
4.600000000000001 7.246168199934471e-06
4.800000000000001 1.1553453113771646e-06
5.0 0.0
