-5.0 1.1123712458056525e-06
-4.8 7.330270556016129e-06
-4.6 1.727485420945175e-05
-4.4 4.536952436235814e-05
-4.2 8.51724404506692e-05
-4.0 0.0001564974821277693
-3.8 0.0002831127844144405
-3.6 0.0004993380762306898
-3.4 0.0007939315227913453
-3.2 0.001283483766171371
-3.0 0.0020169355426713784
-2.8 0.0030491406218815147
-2.6 0.004500254243278731
-2.4 0.006495941105366083
-2.2 0.00913414418936454
-2.0 0.012523957536473281
-1.8 0.016845830580636236
-1.6 0.021955616916788566
-1.4 0.027763024614870343
-1.2 0.03423387505760548
-1.0 0.04085477102572834
-0.7999999999999998 0.04721932539701065
-0.5999999999999996 0.05284538618299327
-0.3999999999999995 0.05710532002696934
-0.1999999999999993 0.05957543628878197
0.0 0.059654331066273394
0.2000000000000002 0.05709869870953161
0.4000000000000004 0.05286996302690705
0.6000000000000005 0.047294506571005326
0.8000000000000007 0.0408440943242431
1.0 0.03426407254203474
1.2 0.027814205213910394
1.4 0.021985960484873
1.600000000000001 0.016828854098225505
1.800000000000001 0.012572284345155078
2.0 0.009112748498770583
2.2 0.006495682413725738
2.4 0.004521220207017564
2.600000000000001 0.003049484945142323
2.800000000000001 0.002017759122081577
3.0 0.0012933437728479859
3.200000000000001 0.0007990182806178872
3.4 0.0004915007849305347
3.6 0.00028018519975186713
3.800000000000001 0.00017328402916020187
4.0 8.668479765662174e-05
4.200000000000001 3.819132230108376e-05
4.4 1.7622696913150573e-05
4.600000000000001 7.24601223278214e-06
4.800000000000001 1.1553436445991624e-06
5.0 0.0
