-3.0 0.0
-2.8 0.0
-2.6 -0.00036225519510970765
-2.4 -0.0027209044357086208
-2.2 -0.006690729889521923
-2.0 -0.014764861418667355
-1.8 -0.02442152858781555
-1.6 -0.03976470854877529
-1.4 -0.05737372017810546
-1.2 -0.07316596161364287
-1.0 -0.09701953459964151
-0.7999999999999998 -0.11721698950848203
-0.5999999999999996 -0.14051135534409992
-0.3999999999999999 -0.15748144353813323
-0.1999999999999997 -0.17606689055770103
0.0 -0.19059197212481524
0.2000000000000002 -0.19178380948109378
0.4000000000000004 -0.20246603397450785
0.6000000000000001 -0.18743348320938674
0.8000000000000003 -0.18137921913404323
1.0 -0.16184799951839474
1.2 -0.14573524467096421
1.4 -0.12455510986442953
1.600000000000001 -0.1046724726642424
1.800000000000001 -0.08143573587386699
2.0 -0.06367256670677204
2.2 -0.047443050337741974
2.4 -0.042907496685032145
2.600000000000001 -0.021471345656785743
2.800000000000001 -0.013781508038704333
3.0 -0.008320518757401118
3.2 -0.004381342570983508
3.4 -0.0018282797725615507
3.600000000000001 -0.003361771702770001
3.800000000000001 -0.0008810753522258943
4.0 -0.000253173329243929
4.2 -0.0002368639878224294
4.4 -0.00031755635863381246
4.600000000000001 2.2229737812281303e-05
4.800000000000001 3.8296551076376e-06
5.0 0.0
