-3.0 0.0
-2.8 0.0
-2.6 7.198530482436152e-08
-2.4 9.017917780492194e-07
-2.2 3.2847606613270494e-06
-2.0 8.403482295871062e-06
-1.8 1.8048681771861647e-05
-1.6 3.4767304449495414e-05
-1.4 6.133102471695098e-05
-1.2 9.942146924941363e-05
-1.0 0.00014941797460398378
-0.7999999999999998 0.0002081860028571817
-0.5999999999999996 0.00027111179034149325
-0.3999999999999999 0.00033006253475588866
-0.1999999999999997 0.00037575678667609534
0.0 0.00039795016888740736
0.2000000000000002 0.0003930506984316905
0.4000000000000004 0.0003655301784202636
0.6000000000000001 0.00032159458135754503
0.8000000000000003 0.0002652520380021629
1.0 0.000206409426597566
1.2 0.00015206992757291004
1.4 0.00010621575078112864
1.600000000000001 7.010920933527477e-05
1.800000000000001 4.426419914195834e-05
2.0 2.6431131285640313e-05
2.2 1.5240447350448133e-05
2.4 8.454780996432259e-06
2.600000000000001 4.4278174172451484e-06
2.800000000000001 2.1877193542015912e-06
3.0 9.939251249058488e-07
3.2 4.5578098710406546e-07
3.4 1.994528695711077e-07
3.600000000000001 7.895329085032485e-08
3.800000000000001 3.805990125357509e-08
4.0 1.3474126785064167e-08
4.2 3.3606266636210102e-09
4.4 1.6150245923741554e-09
4.600000000000001 2.8324449257279986e-10
4.800000000000001 7.264420725315187e-11
5.0 0.0
