-5.0 -0.013461247234804994
-4.8 -0.025017394055286364
-4.6 -0.030656036849639162
-4.4 -0.05076531173916543
-4.2 -0.05611127476253322
-4.0 -0.05773254307737826
-3.8 -0.07542862427636406
-3.6 -0.07083648468392686
-3.4 -0.09716618959912773
-3.2 -0.0829453009212931
-3.0 -0.07795211064698546
-2.8 -0.08990494199533192
-2.6 -0.07820917166442815
-2.4 -0.07058820218408121
-2.2 -0.06428723800323947
-2.0 -0.05669983531284156
-1.8 -0.05283934496815933
-1.6 -0.049423897290135674
-1.4 -0.0367180592479483
-1.2 -0.03362061248860686
-1.0 -0.03385429276883074
-0.7999999999999998 -0.02026026371248045
-0.5999999999999996 -0.026177487692490967
-0.3999999999999995 -0.020900987647647078
-0.1999999999999993 -0.024063839607223865
0.0 -0.02133092337172596
0.2000000000000002 -0.023470733929347044
0.4000000000000004 -0.02410192235792616
0.6000000000000005 -0.02528704661316574
0.8000000000000007 -0.027892378927758324
1.0 -0.039660541834580135
1.2 -0.03884467933317623
1.4 -0.04468639885074338
1.600000000000001 -0.05142432153708705
1.800000000000001 -0.05794838572997821
2.0 -0.06422574036035865
2.2 -0.06470162426161276
2.4 -0.0885701605733393
2.600000000000001 -0.07968207710568628
2.800000000000001 -0.09724489874774855
3.0 -0.08238891016086722
3.200000000000001 -0.0916479434255876
3.4 -0.0720280334760985
3.6 -0.06937996750330494
3.800000000000001 -0.05659578997353809
4.0 -0.05284590800545418
4.200000000000001 -0.04668561536507834
4.4 -0.03628202240436128
4.600000000000001 -0.021912858703191672
4.800000000000001 -0.016882211305062744
5.0 0.0
