-5.0 0.004834347165723547
-4.8 0.006625444964722529
-4.6 0.008854207314393216
-4.4 0.011487512244995158
-4.2 0.014264580340675608
-4.0 0.01717151313692439
-3.8 0.01977715768641273
-3.6 0.022006615049532673
-3.4 0.0236609450991347
-3.2 0.024619876638106265
-3.0 0.024952130231466765
-2.8 0.024584161681941025
-2.6 0.023720373564220222
-2.4 0.02233489127077307
-2.2 0.020733733947199098
-2.0 0.018826569872469726
-1.8 0.016906753435056602
-1.6 0.01500054378912667
-1.4 0.013207742399505009
-1.2 0.01161028274527187
-1.0 0.010247253055837777
-0.7999999999999998 0.00915833748854062
-0.5999999999999996 0.008320502655825516
-0.3999999999999995 0.007818715673065925
-0.1999999999999993 0.007534179113920312
0.0 0.007541199147455374
0.2000000000000002 0.007792096977906173
0.4000000000000004 0.008360896308491482
0.6000000000000005 0.009177872213939313
0.8000000000000007 0.01026721743834661
1.0 0.011600623645834484
1.2 0.013207343690218623
1.4 0.01496951744118232
1.600000000000001 0.016855125534266973
1.800000000000001 0.0187928421801511
2.0 0.020704134262808902
2.2 0.022340895907736708
2.4 0.023709055909344922
2.600000000000001 0.024648825779494187
2.800000000000001 0.024979540962188112
3.0 0.024635783529793648
3.200000000000001 0.02363742653984908
3.4 0.022015206428251565
3.6 0.019816502355916848
3.800000000000001 0.017148706150222393
4.0 0.01428546623483696
4.200000000000001 0.011428352829996033
4.4 0.00883388841732712
4.600000000000001 0.006609995275035511
4.800000000000001 0.004833106834679726
5.0 0.0
