-5.0 0.0048783005090452915
-4.8 0.006683016094360528
-4.6 0.00892759789682042
-4.4 0.011576537884364
-4.2 0.014368395839207385
-4.0 0.017286697784439
-3.8 0.019900478761432434
-3.6 0.022133354545215686
-3.4 0.023787811906824073
-3.2 0.02474337220933513
-3.0 0.02506927989302356
-2.8 0.024692778414343655
-2.6 0.02381891774903989
-2.4 0.02242318600192292
-2.2 0.020811068319806482
-2.0 0.018894064244303364
-1.8 0.016965160667152986
-1.6 0.015050243491125897
-1.4 0.01325027646070984
-1.2 0.011646913984553791
-1.0 0.010278945460046637
-0.7999999999999998 0.009186562699818528
-0.5999999999999996 0.00834586939286065
-0.3999999999999995 0.007842234375886565
-0.1999999999999993 0.007556803664925729
0.0 0.007563809560800231
0.2000000000000002 0.007815648861866139
0.4000000000000004 0.008386270394428188
0.6000000000000005 0.009205958546895954
0.8000000000000007 0.010299188928341578
1.0 0.011637237019811307
1.2 0.0132502104884682
1.4 0.015019323064490019
1.600000000000001 0.01691297851255491
1.800000000000001 0.018860353890685768
2.0 0.020781783560781725
2.2 0.02242901809379911
2.4 0.023807698492897687
2.600000000000001 0.02475755452028525
2.800000000000001 0.02509658465429153
3.0 0.024758850515103615
3.200000000000001 0.02376414245728801
3.4 0.022142312412741165
3.6 0.019939863869281874
3.800000000000001 0.017263852764402548
4.0 0.014389813213479754
4.200000000000001 0.011517877767022013
4.4 0.008907882744095194
4.600000000000001 0.006668221107398336
4.800000000000001 0.004876861515265587
5.0 0.0
