-5.0 1.4917339466225037
-4.8 2.0391838227940635
-4.6 2.699813332213652
-4.4 3.478101740689084
-4.2 4.315032774357382
-4.0 5.1283498741107865
-3.8 5.8751505545516345
-3.6 6.484515549432672
-3.4 6.919314051189387
-3.2 7.178298297364679
-3.0 7.179040392503899
-2.8 7.02255295741745
-2.6 6.728822390694374
-2.4 6.294906385675755
-2.2 5.790562029162991
-2.0 5.230945443452618
-1.8 4.667335440706279
-1.6 4.128419580694856
-1.4 3.621987058641953
-1.2 3.16722339286169
-1.0 2.797337056744105
-0.7999999999999998 2.497111424870712
-0.5999999999999996 2.269894986574345
-0.3999999999999995 2.1161904061733123
-0.1999999999999993 2.0444602090489052
0.0 2.04386969300512
0.2000000000000002 2.1193585936448995
0.4000000000000004 2.2683268576915645
0.6000000000000005 2.498722029139768
0.8000000000000007 2.799635301801306
1.0 3.1685969325015284
1.2 3.6147768244779725
1.4 4.123989728292747
1.600000000000001 4.671996248807439
1.800000000000001 5.241560126027341
2.0 5.790626312126891
2.2 6.305693284139258
2.4 6.7331877643681155
2.600000000000001 7.039033843884419
2.800000000000001 7.202652706675808
3.0 7.170749821631521
3.200000000000001 6.91767727988874
3.4 6.4899429019090125
3.6 5.8815113566908455
3.800000000000001 5.145830143500823
4.0 4.295185408796929
4.200000000000001 3.476866299330871
4.4 2.6986297394597747
4.600000000000001 2.0374833083248127
4.800000000000001 1.4939922238669419
5.0 0.0
