-5.0 4.395334332174441e-05
-4.8 5.757112963799914e-05
-4.6 7.339058242720553e-05
-4.4 8.902563936884224e-05
-4.2 0.00010381549853177595
-4.0 0.00011518464751460734
-3.8 0.000123321075019706
-3.6 0.00012673949568301295
-3.4 0.00012686680768937423
-3.2 0.0001234955712288657
-3.0 0.00011714966155679621
-2.8 0.00010861673240262948
-2.6 9.854418481966933e-05
-2.4 8.829473114985194e-05
-2.2 7.733437260738524e-05
-2.0 6.749437183363735e-05
-1.8 5.8407232096384705e-05
-1.6 4.969970199922721e-05
-1.4 4.253406120483059e-05
-1.2 3.663123928192062e-05
-1.0 3.169240420886093e-05
-0.7999999999999998 2.8225211277908236e-05
-0.5999999999999996 2.5366737035134825e-05
-0.3999999999999995 2.351870282064062e-05
-0.1999999999999993 2.262455100541696e-05
0.0 2.2610413344858e-05
0.2000000000000002 2.3551883959965533e-05
0.4000000000000004 2.5374085936706395e-05
0.6000000000000005 2.808633295664151e-05
0.8000000000000007 3.197148999496908e-05
1.0 3.661337397682297e-05
1.2 4.2866798249576966e-05
1.4 4.980562330769935e-05
1.600000000000001 5.7852978287936006e-05
1.800000000000001 6.751171053466786e-05
2.0 7.76492979728228e-05
2.2 8.812218606240128e-05
2.4 9.864258355276589e-05
2.600000000000001 0.00010872874079106356
2.800000000000001 0.00011704369210341619
3.0 0.00012306698530996599
3.200000000000001 0.000126715917438929
3.4 0.00012710598448960062
3.6 0.00012336151336502622
3.800000000000001 0.00011514661418015404
4.0 0.000104346978642794
4.200000000000001 8.952493702597937e-05
4.4 7.399432676807349e-05
4.600000000000001 5.8225832362824925e-05
4.800000000000001 4.375468058586132e-05
5.0 0.0
