-5.0 0.005299491333945522
-4.8 0.00974028700941787
-4.6 0.010410327279030546
-4.4 0.013967671895031187
-4.2 0.01676177905443227
-4.0 0.02005161328239946
-3.8 0.022914501003204125
-3.6 0.02670263899055248
-3.4 0.026485823697951417
-3.2 0.027219305525287903
-3.0 0.02684491361382077
-2.8 0.024702541191890155
-2.6 0.02385346768100486
-2.4 0.02422730739499445
-2.2 0.021875495905048427
-2.0 0.018781978644320827
-1.8 0.01708646421333953
-1.6 0.014403009970181225
-1.4 0.013348011828879645
-1.2 0.01221879576943987
-1.0 0.009296288963366272
-0.7999999999999998 0.010126518696906547
-0.5999999999999996 0.007940196278152341
-0.3999999999999995 0.007565755759924838
-0.1999999999999993 0.007091302249289961
0.0 0.007072407955090859
0.2000000000000002 0.008100408826549438
0.4000000000000004 0.008885460745117037
0.6000000000000005 0.00894231428883312
0.8000000000000007 0.010254536570788437
1.0 0.011579506290820036
1.2 0.013450319504516995
1.4 0.014800036721607752
1.600000000000001 0.017600493706497286
1.800000000000001 0.019171258490340546
2.0 0.022165120474146278
2.2 0.025986326293169902
2.4 0.022619942427886022
2.600000000000001 0.025974396510478295
2.800000000000001 0.02474641361421003
3.0 0.03000088277503702
3.200000000000001 0.027837640064574645
3.4 0.027486498403149227
3.6 0.029041358853840137
3.800000000000001 0.01900022743010276
4.0 0.011160275463563244
4.200000000000001 0.01378682937126863
4.4 0.010007060187167146
4.600000000000001 0.00827460906303455
4.800000000000001 0.006559532578835532
5.0 0.0
