0.0 0.0
1.0 0.0
2.0 0.0
3.0 0.0
4.0 0.0
5.0 0.0
6.0 0.0
7.0 0.0
8.0 1.8634504437852398e-07
9.0 1.0386923827555963e-05
10.0 4.597619452040001e-05
11.0 8.178530979102766e-05
12.0 9.889653436167827e-05
13.0 9.903597892973663e-05
14.0 8.924807559145811e-05
15.0 7.548099751059816e-05
16.0 6.153455457541226e-05
17.0 4.8975114749867755e-05
18.0 3.848907390460217e-05
19.0 2.9970065715018238e-05
20.0 2.3379942996943506e-05
21.0 1.81299212939909e-05
22.0 1.4067640491765007e-05
23.0 1.0988510637672461e-05
24.0 8.583559583888857e-06
25.0 6.71209060819301e-06
26.0 5.24556016301917e-06
27.0 4.158588668937892e-06
28.0 3.288920613964559e-06
29.0 2.6213568598288233e-06
30.0 2.076407626898577e-06
31.0 1.671561878138066e-06
32.0 1.3642599911122802e-06
33.0 1.0743664157353636e-06
34.0 8.698834731850214e-07
35.0 7.03406021283487e-07
36.0 5.840801297235086e-07
37.0 4.786165788633176e-07
38.0 3.904157580231594e-07
39.0 3.157948428201308e-07
40.0 2.676713635813842e-07
41.0 2.2065994287640127e-07
42.0 1.823722659953412e-07
43.0 1.5712084968833884e-07
44.0 1.248735197766856e-07
45.0 1.0494607366700138e-07
46.0 9.203583358641589e-08
47.0 8.336494938940284e-08
48.0 6.324515423251728e-08
49.0 5.462416937748905e-08
50.0 4.5726268503818706e-08
51.0 3.920799512538419e-08
52.0 3.254027038714769e-08
53.0 2.7991845506898877e-08
54.0 2.398209802270291e-08
55.0 2.0675208152740923e-08
56.0 1.7706773815351356e-08
57.0 1.5162615890455795e-08
58.0 1.3936348506899467e-08
59.0 1.214723481112651e-08
60.0 1.0266401223577324e-08
61.0 8.35376196035756e-09
62.0 7.207451708156801e-09
63.0 5.9060569983544475e-09
64.0 5.413692682185578e-09
65.0 4.927361405567674e-09
66.0 4.142170920316098e-09
67.0 3.714515782872267e-09
68.0 3.178697979277288e-09
69.0 2.8793413154267858e-09
70.0 2.7909824225872827e-09
71.0 2.227811110445775e-09
72.0 1.8020481467368697e-09
73.0 1.659850218394721e-09
74.0 1.4796905417601368e-09
75.0 1.2548496214322564e-09
76.0 1.0779863223930059e-09
77.0 9.644751071395425e-10
78.0 9.203584346880596e-10
79.0 7.42262286635069e-10
80.0 8.053328735495662e-10
81.0 6.775001550261179e-10
82.0 5.130192303432958e-10
83.0 5.125914368231927e-10
84.0 4.4478012948342167e-10
85.0 3.6295855166212675e-10
86.0 3.7339342805868e-10
87.0 3.0253255731167e-10
88.0 2.5661138377836924e-10
89.0 3.343546684434295e-10
90.0 2.016840671100899e-10
91.0 1.9208756886834802e-10
92.0 1.8288250238615257e-10
93.0 1.3974725882139135e-10
94.0 1.3808207350348677e-10
95.0 1.1452472250123407e-10
96.0 1.1726193710089718e-10
97.0 1.191032818225086e-10
98.0 1.059485512315185e-10
99.0 8.533454760747588e-11
100.0 6.836726347204912e-11
101.0 7.249668563510955e-11
102.0 6.187811465041658e-11
103.0 5.0506937311573906e-11
104.0 4.759016703662851e-11
105.0 4.4271842255036646e-11
106.0 3.420541986337694e-11
107.0 3.154579745067991e-11
108.0 3.095283544268612e-11
109.0 3.616157740131555e-11
110.0 2.474097328487047e-11
111.0 1.9938669755169136e-11
112.0 2.1507076817375156e-11
113.0 2.123819974328323e-11
114.0 1.670205801798185e-11
115.0 3.5074738521253475e-11
116.0 1.4311876402319071e-11
117.0 1.4231191870117238e-11
118.0 1.1855604170340218e-11
119.0 1.4788073330340507e-11
120.0 9.321201534877481e-12
121.0 8.381938020011023e-12
122.0 9.527048276384285e-12
123.0 8.798285082438508e-12
124.0 5.7132877066582305e-12
125.0 5.783359196278805e-12
126.0 6.851941574569299e-12
127.0 6.4017221387164906e-12
128.0 5.3881338649006035e-12
129.0 4.539860357798347e-12
130.0 3.4430091206178715e-12
131.0 3.538441526285848e-12
132.0 3.2202087670698055e-12
133.0 3.709037046351594e-12
134.0 5.923794394222687e-12
135.0 2.213256862823672e-12
136.0 2.422210445423607e-12
137.0 2.0875275946406652e-12
138.0 1.542176517012416e-12
139.0 1.5231761329738579e-12
140.0 0.0
