0.0 0.0
1.0 0.0
2.0 0.0
3.0 0.0
4.0 0.0
5.0 0.0
6.0 0.0
7.0 0.0
8.0 0.0005125432577174678
9.0 0.0478309450962186
10.0 0.2979991923811866
11.0 0.752073797316148
12.0 1.2738007191572882
13.0 1.7402915929086722
14.0 2.0898024088142706
15.0 2.3135712692225128
16.0 2.4294048155292707
17.0 2.453276318593127
18.0 2.4121308073323817
19.0 2.331937170139493
20.0 2.2144776623941427
21.0 2.0842085199909355
22.0 1.9488057144649134
23.0 1.8041605860477454
24.0 1.6672215007511484
25.0 1.5324712245258933
26.0 1.4054974978204144
27.0 1.285775606224203
28.0 1.1753867808304195
29.0 1.0738946119774677
30.0 0.9764249043807276
31.0 0.8909428055492331
32.0 0.8123045532833976
33.0 0.7411802561831226
34.0 0.6749067997312463
35.0 0.6169335112240347
36.0 0.5605156326604184
37.0 0.5102072345701357
38.0 0.4663910515017909
39.0 0.42598480081760925
40.0 0.3889053652271006
41.0 0.3548685358924347
42.0 0.3247891360991994
43.0 0.29741531255999276
44.0 0.27153709878399784
45.0 0.24986370755855494
46.0 0.22808958791599712
47.0 0.20938836329655938
48.0 0.19162594776381317
49.0 0.17732106315704388
50.0 0.1622199508195986
51.0 0.14920060715236122
52.0 0.1370806055266819
53.0 0.12593021094851545
54.0 0.11706518228525929
55.0 0.10722121672915959
56.0 0.09900548893114404
57.0 0.09123603270635028
58.0 0.08440501665162475
59.0 0.07787374904137458
60.0 0.07188519352871957
61.0 0.06641896455918243
62.0 0.061456268758971505
63.0 0.05671772732799773
64.0 0.052923311211548044
65.0 0.048598666530786344
66.0 0.04548083324408405
67.0 0.042012486106860945
68.0 0.03847294561122114
69.0 0.036164598608332425
70.0 0.03334160268492693
71.0 0.0309350484699654
72.0 0.02906495232824919
73.0 0.0267437138931515
74.0 0.02509647835858644
75.0 0.022895405051810227
76.0 0.021711711850504394
77.0 0.019855198016751896
78.0 0.018521990045880617
79.0 0.017747489226582477
80.0 0.01632909500246567
81.0 0.015129665924063404
82.0 0.014053495017445822
83.0 0.01343737878666993
84.0 0.012263825512834987
85.0 0.011386007189820154
86.0 0.010560390821051683
87.0 0.010221448991833665
88.0 0.009167088833020956
89.0 0.008672361710681349
90.0 0.008244877203108106
91.0 0.007630802513084441
92.0 0.007239036201799765
93.0 0.006670655630687094
94.0 0.006190808690468475
95.0 0.005816368060404627
96.0 0.005627040084829466
97.0 0.005128387546403284
98.0 0.004896752968351
99.0 0.004461855069864521
100.0 0.004265490067961026
101.0 0.00396941974489543
102.0 0.003714686826424097
103.0 0.0034693384650287535
104.0 0.003343237477294359
105.0 0.002982788130218506
106.0 0.002887492788878412
107.0 0.0027380530319186733
108.0 0.0025285533292149377
109.0 0.002575541826932347
110.0 0.0023066779657210596
111.0 0.0021453263996763184
112.0 0.00195105628115717
113.0 0.001978893023178534
114.0 0.0018011769677707787
115.0 0.0016664155477374946
116.0 0.0015896850678072906
117.0 0.0014377462877874047
118.0 0.001403710584325798
119.0 0.001297810407379601
120.0 0.0012081907457172946
121.0 0.0011713882610350818
122.0 0.0011273489022533972
123.0 0.0010530634846336278
124.0 0.0010086605041980576
125.0 0.0008826271637859478
126.0 0.0008713258093676103
127.0 0.0008319794787293396
128.0 0.0007520973894954842
129.0 0.0007248185256664051
130.0 0.0007031084132246942
131.0 0.0006834791574400769
132.0 0.0006235240948709623
133.0 0.0005928693714154253
134.0 0.0005495130484894259
135.0 0.0005401335072900564
136.0 0.00048537798944252265
137.0 0.00045470012423476076
138.0 0.00047320902753376074
139.0 0.00043072946701018175
140.0 0.0
