0.0 0.0
1.0 0.0
2.0 0.0
3.0 0.0
4.0 0.0
5.0 0.0
6.0 0.0
7.0 0.0
8.0 1.0916328684861216e-06
9.0 0.00013155788525333277
10.0 0.0008777438798755182
11.0 0.0023380753476205858
12.0 0.004105270545319348
13.0 0.005780513799195205
14.0 0.007093717232408883
15.0 0.00795862328854694
16.0 0.008457351495027828
17.0 0.008617957310013628
18.0 0.008537327501581898
19.0 0.008276043386591093
20.0 0.00788258040146011
21.0 0.007425532192897286
22.0 0.0069457968348779825
23.0 0.00643767113879689
24.0 0.005947664118069673
25.0 0.00546539652866395
26.0 0.005002744968917789
27.0 0.004571047901497468
28.0 0.004174407026010885
29.0 0.003799780335382405
30.0 0.003461049285896736
31.0 0.003147402100355737
32.0 0.0028711372102002753
33.0 0.0026042738938165735
34.0 0.0023686227118386895
35.0 0.0021616154154454528
36.0 0.0019595515312147865
37.0 0.0017817541543993258
38.0 0.0016270412153885376
39.0 0.001483574007797206
40.0 0.0013476714249122232
41.0 0.0012314604246174777
42.0 0.0011210224095236868
43.0 0.0010225435671399805
44.0 0.0009341489439857111
45.0 0.0008540569235008719
46.0 0.0007849574688673577
47.0 0.0007125583224990869
48.0 0.0006545572610283097
49.0 0.0005975630423833778
50.0 0.0005497816088390298
51.0 0.000504045104232961
52.0 0.0004636294492782933
53.0 0.00042692428032377783
54.0 0.0003902953975739973
55.0 0.0003598977913961015
56.0 0.00033029290024656863
57.0 0.00030374666007136066
58.0 0.00028098502389139633
59.0 0.00026192954968228243
60.0 0.00024113219769723046
61.0 0.00021998994783778945
62.0 0.00020040962544523572
63.0 0.00018759220954578246
64.0 0.000176060032760864
65.0 0.00016185677582228528
66.0 0.00014951682504331
67.0 0.0001375366237871635
68.0 0.0001291293345030384
69.0 0.0001191445038113495
70.0 0.00011060751022563168
71.0 0.00010266660891512742
72.0 9.379104964929036e-05
73.0 8.805036984213856e-05
74.0 8.16437095086981e-05
75.0 7.686543837353183e-05
76.0 6.939910216528832e-05
77.0 6.553835592935406e-05
78.0 6.020883967553122e-05
79.0 5.5454825546266196e-05
80.0 5.251812353167937e-05
81.0 4.8893629819333535e-05
82.0 4.5220674015118834e-05
83.0 4.2568827196991964e-05
84.0 4.056416337220086e-05
85.0 3.764639055918816e-05
86.0 3.492280991545376e-05
87.0 3.293513967021963e-05
88.0 3.1458235440154476e-05
89.0 2.903847274152207e-05
90.0 2.5498928481735837e-05
91.0 2.4841839612605723e-05
92.0 2.355140309458863e-05
93.0 2.1214917992864993e-05
94.0 2.0662586358596924e-05
95.0 1.838003496989032e-05
96.0 1.7729302000737788e-05
97.0 1.693864686174036e-05
98.0 1.6293001494906004e-05
99.0 1.4757426427849035e-05
100.0 1.3578689622288505e-05
101.0 1.3213754517891666e-05
102.0 1.2268090046833891e-05
103.0 1.1242440319114535e-05
104.0 1.0622584486816727e-05
105.0 1.0404402141926291e-05
106.0 8.88332836445878e-06
107.0 8.200758239314661e-06
108.0 8.281152917460975e-06
109.0 7.901447753778506e-06
110.0 7.099881631368602e-06
111.0 6.767352891950129e-06
112.0 7.03689103422253e-06
113.0 5.819513335846937e-06
114.0 6.580644232595957e-06
115.0 4.850765471721788e-06
116.0 5.388644067600643e-06
117.0 4.863045470487763e-06
118.0 4.709960561639625e-06
119.0 3.7325986575604522e-06
120.0 4.0578314034027015e-06
121.0 3.930330882248963e-06
122.0 3.5537308980851205e-06
123.0 3.225225704739241e-06
124.0 2.90711680553457e-06
125.0 2.907367440708045e-06
126.0 2.8146502855696414e-06
127.0 2.4207332081079507e-06
128.0 2.169797155946154e-06
129.0 2.5387664119642064e-06
130.0 2.4891688471108952e-06
131.0 2.081965097174429e-06
132.0 1.8459626067929373e-06
133.0 1.8650355757978372e-06
134.0 1.5935928449697563e-06
135.0 1.8420361919071774e-06
136.0 1.5357921276766863e-06
137.0 1.3391899774444488e-06
138.0 1.1670029162207093e-06
139.0 1.2611411324504553e-06
140.0 0.0
