0.0 0.0
1.0 0.0
2.0 0.0
3.0 0.0
4.0 0.0
5.0 0.0
6.0 0.0
7.0 0.0
8.0 0.0
9.0 0.0001857925121644372
10.0 0.001266995065544614
11.0 0.002898329430528283
12.0 0.00445471484845728
13.0 0.0060817280767252934
14.0 0.007089954835813165
15.0 0.007309699314305543
16.0 0.007626110203979498
17.0 0.007901894997797681
18.0 0.007767963485357139
19.0 0.007596350138227635
20.0 0.007705807489582406
21.0 0.007085644308239322
22.0 0.006816337904612679
23.0 0.006392304791532337
24.0 0.0060197263377770975
25.0 0.005685224689122326
26.0 0.005370763179349549
27.0 0.004882379371103914
28.0 0.0046573834968050305
29.0 0.00436710018269876
30.0 0.003935213419363322
31.0 0.003884858822418111
32.0 0.003388661987638607
33.0 0.0032192801238320975
34.0 0.0029886725218195263
35.0 0.002798284664688652
36.0 0.0024950182916658936
37.0 0.0022749501735452953
38.0 0.002065572652842321
39.0 0.0021509008314666567
40.0 0.0018638661341122372
41.0 0.0016681403444616357
42.0 0.0015179705232541301
43.0 0.0014528203400456766
44.0 0.0013402525467017905
45.0 0.0012536823190808979
46.0 0.0011401316855902707
47.0 0.001067061805422695
48.0 0.001015377393491051
49.0 0.0010410822737927593
50.0 0.0008562221783431709
51.0 0.0007433007039731605
52.0 0.000749134438655189
53.0 0.00066690882138984
54.0 0.0006011264263788487
55.0 0.0006486190340492644
56.0 0.0005052575943689876
57.0 0.0004967952548355438
58.0 0.0004835285699190066
59.0 0.0004583724206437961
60.0 0.00035711321385218774
61.0 0.0003498559440976652
62.0 0.0003453400162904711
63.0 0.0004695702647364721
64.0 0.0002948410373999617
65.0 0.00027355314139795655
66.0 0.0003230309709429393
67.0 0.0002359761215182138
68.0 0.00021673005087087077
69.0 0.00021047366201990559
70.0 0.0001818282665588422
71.0 0.00019214336769385397
72.0 0.00016940404981795757
73.0 0.00014155648653261236
74.0 0.00013987174755638544
75.0 0.0001327624726917258
76.0 0.0001289382128093177
77.0 0.00013379938472475968
78.0 0.0001210153664830682
79.0 0.00010942123719308273
80.0 9.569500378542057e-05
81.0 0.00010455840470918143
82.0 7.300234241787786e-05
83.0 8.963363604222318e-05
84.0 7.637866815809258e-05
85.0 5.9292497311279804e-05
86.0 7.034988687438207e-05
87.0 6.520078321677084e-05
88.0 5.654685605499287e-05
89.0 6.212242283438156e-05
90.0 7.872960373396595e-05
91.0 4.574208161744971e-05
92.0 4.326463969643319e-05
93.0 4.150289476186545e-05
94.0 4.280170431034617e-05
95.0 4.113086220694589e-05
96.0 3.277978954482469e-05
97.0 3.1317364681036744e-05
98.0 2.8262197914129487e-05
99.0 2.6358292483742264e-05
100.0 2.468655980914217e-05
101.0 3.067808687214659e-05
102.0 -1.840794545506106e-05
103.0 3.588363369383587e-05
104.0 2.7858150273993048e-05
105.0 1.7966836299190476e-05
106.0 2.1705222776470024e-05
107.0 1.9095803761636938e-05
108.0 2.5989947004219507e-05
109.0 1.7648970656665895e-05
110.0 3.1272184636882214e-05
111.0 1.0005910223704011e-05
112.0 1.1937766581653252e-05
113.0 1.2461664679587425e-05
114.0 1.3858821678979369e-05
115.0 1.1835578846363246e-05
116.0 1.3871513140286025e-05
117.0 6.663002340931202e-06
118.0 1.0142864062425963e-05
119.0 7.761308184319226e-06
120.0 8.7898695289292e-06
121.0 5.841338737074125e-06
122.0 6.3777722704098044e-06
123.0 4.7168142118286035e-06
124.0 5.086097606891279e-06
125.0 -3.982435774878705e-07
126.0 5.100156889848517e-06
127.0 2.5119459760947215e-06
128.0 3.3932181108075644e-06
129.0 2.206079503252457e-05
130.0 3.849876361276726e-06
131.0 8.955620648751607e-06
132.0 3.6685641799370544e-06
133.0 3.502566015687581e-06
134.0 4.065336850143691e-06
135.0 2.76602894362814e-06
136.0 3.107106040000217e-06
137.0 6.864062717937534e-06
138.0 4.3737606173861176e-06
139.0 1.2964923246770526e-06
140.0 0.0
