0.0 0.0
1.0 0.0
2.0 0.0
3.0 0.0
4.0 0.0
5.0 0.0
6.0 0.0
7.0 0.0
8.0 1.2779779128646455e-06
9.0 0.00014194480908088873
10.0 0.0009237200743959182
11.0 0.0024198606574116132
12.0 0.0042041670796810265
13.0 0.005879549778124942
14.0 0.007182965308000342
15.0 0.008034104286057537
16.0 0.00851888604960324
17.0 0.008666932424763496
18.0 0.0085758165754865
19.0 0.00830601345230611
20.0 0.007905960344457053
21.0 0.007443662114191277
22.0 0.0069598644753697475
23.0 0.006448659649434562
24.0 0.005956247677653562
25.0 0.005472108619272143
26.0 0.005007990529080808
27.0 0.004575206490166406
28.0 0.004177695946624849
29.0 0.003802401692242234
30.0 0.0034631256935236344
31.0 0.003149073662233875
32.0 0.0028725014701913875
33.0 0.0026053482602323087
34.0 0.0023694925953118744
35.0 0.002162318821466736
36.0 0.00196013561134451
37.0 0.0017822327709781892
38.0 0.0016274316311465607
39.0 0.001483889802640026
40.0 0.0013479390962758046
41.0 0.001231681084560354
42.0 0.0011212047817896822
43.0 0.0010227006879896688
44.0 0.0009342738175054878
45.0 0.0008541618695745389
46.0 0.0007850495047009441
47.0 0.0007126416874484763
48.0 0.0006546205061825422
49.0 0.0005976176665527553
50.0 0.0005498273351075336
51.0 0.0005040843122280864
52.0 0.00046366198954868044
53.0 0.00042695227216928475
54.0 0.00039031937967202
55.0 0.00035991846660425424
56.0 0.000330310607020384
57.0 0.0003037618226872511
58.0 0.00028099896023990324
59.0 0.00026194169691709355
60.0 0.00024114246409845405
61.0 0.00021999830159974982
62.0 0.00020041683289694388
63.0 0.00018759811560278082
64.0 0.00017606544645354619
65.0 0.00016186170318369084
66.0 0.0001495209672142303
67.0 0.00013754033830294638
68.0 0.0001291325132010177
69.0 0.00011914738315266493
70.0 0.00011061030120805427
71.0 0.00010266883672623787
72.0 9.379285169743709e-05
73.0 8.805202969235696e-05
74.0 8.164518919923986e-05
75.0 7.686669322315326e-05
76.0 6.940018015161072e-05
77.0 6.553932040446119e-05
78.0 6.0209760033965904e-05
79.0 5.545556780855283e-05
80.0 5.251892886455292e-05
81.0 4.889430731948856e-05
82.0 4.5221187034349176e-05
83.0 4.256933978842879e-05
84.0 4.056460815233034e-05
85.0 3.764675351773982e-05
86.0 3.4923183308881824e-05
87.0 3.293544220277695e-05
88.0 3.145849205153826e-05
89.0 2.9038807096190515e-05
90.0 2.549913016580295e-05
91.0 2.484203170017459e-05
92.0 2.3551585977091016e-05
93.0 2.1215057740123815e-05
94.0 2.0662724440670426e-05
95.0 1.838014949461282e-05
96.0 1.772941926267489e-05
97.0 1.6938765965022183e-05
98.0 1.6293107443457236e-05
99.0 1.4757511762396643e-05
100.0 1.3578757989551977e-05
101.0 1.32138270145773e-05
102.0 1.2268151924948542e-05
103.0 1.1242490826051847e-05
104.0 1.0622632076983763e-05
105.0 1.0404446413768546e-05
106.0 8.883362569878644e-06
107.0 8.200789785112112e-06
108.0 8.281183870296419e-06
109.0 7.901483915355908e-06
110.0 7.099906372341887e-06
111.0 6.767372830619884e-06
112.0 7.036912541299347e-06
113.0 5.81953457404668e-06
114.0 6.580660934653975e-06
115.0 4.850800546460309e-06
116.0 5.388658379477045e-06
117.0 4.863059701679633e-06
118.0 4.7099724172437956e-06
119.0 3.7326134456337827e-06
120.0 4.057840724604236e-06
121.0 3.930339264186983e-06
122.0 3.553740425133397e-06
123.0 3.2252345030243234e-06
124.0 2.9071225188222765e-06
125.0 2.907373224067241e-06
126.0 2.814657137511216e-06
127.0 2.4207396098300893e-06
128.0 2.1698025440800187e-06
129.0 2.538770951824564e-06
130.0 2.489172290120016e-06
131.0 2.0819686356159556e-06
132.0 1.8459658270017042e-06
133.0 1.8650392848348835e-06
134.0 1.5935987687641506e-06
135.0 1.8420384051640402e-06
136.0 1.5357945498871317e-06
137.0 1.3391920649720434e-06
138.0 1.1670044583972264e-06
139.0 1.2611426556265883e-06
140.0 0.0
