0.0 0.0
1.0 0.0
2.0 0.0
3.0 0.0
4.0 0.0
5.0 0.0
6.0 0.0
7.0 5.292036186137312e-08
8.0 0.00011987287806116851
9.0 0.00021413854799109144
10.0 0.00016761502701162511
11.0 0.00010862876862351853
12.0 6.685704359917748e-05
13.0 4.0750713263323825e-05
14.0 2.5051879015449694e-05
15.0 1.5645367117229618e-05
16.0 9.92690711261889e-06
17.0 6.3913009918425e-06
18.0 4.207862634441826e-06
19.0 2.8049959774923984e-06
20.0 1.8930320059271151e-06
21.0 1.2929873504126543e-06
22.0 9.01619708073908e-07
23.0 6.289274337445234e-07
24.0 4.474000412318581e-07
25.0 3.2169878760312e-07
26.0 2.305480378828424e-07
27.0 1.6808703575993282e-07
28.0 1.2386113546265274e-07
29.0 9.475271143345451e-08
30.0 7.182459906032239e-08
31.0 5.144771648778911e-08
32.0 3.90986584644214e-08
33.0 2.9291883247004576e-08
34.0 2.3634783391775138e-08
35.0 1.7900685664896854e-08
36.0 1.3935146289968767e-08
37.0 1.0424831168840078e-08
38.0 8.439903019905875e-09
39.0 6.725479446113218e-09
40.0 0.0
