0.0 0.0
1.0 0.0
2.0 0.0
3.0 0.0
4.0 0.0
5.0 0.0
6.0 0.0
7.0 3.4076190617256732e-06
8.0 0.006669155026720568
9.0 0.017700121787924617
10.0 0.021111556228882947
11.0 0.0201081485031119
12.0 0.01739633664059396
13.0 0.01442501369197711
14.0 0.011725689016835591
15.0 0.009448407683186168
16.0 0.0075898054918476345
17.0 0.006107971429082964
18.0 0.004920550442731749
19.0 0.003987164340061631
20.0 0.0032338487022145136
21.0 0.0026387017579141006
22.0 0.0021612314204378347
23.0 0.0017727213388105006
24.0 0.0014725572746957327
25.0 0.001219433260219702
26.0 0.0010190942147334716
27.0 0.0008516628149522396
28.0 0.0007170245548827885
29.0 0.0006038798729209299
30.0 0.0005076381470202759
31.0 0.0004319975228764996
32.0 0.0003690594349283703
33.0 0.0003133186561148704
34.0 0.0002688834751113945
35.0 0.00022899229924710278
36.0 0.00019802431900344932
37.0 0.00016794251888929272
38.0 0.0001487546533026566
39.0 0.0001269935676231449
40.0 0.0
