0.0 -1.131164337122262e-05
1.0 -4.000554731701144e-05
2.0 -5.840528393412512e-05
3.0 -7.236633241678525e-05
4.0 -8.213163483315862e-05
5.0 -8.805321664090009e-05
6.0 -9.51356269678009e-05
7.0 -0.00012571778899234616
8.0 -0.02632521694205553
9.0 -0.07560405255119025
10.0 -0.07721773519581918
11.0 -0.07614956196866923
12.0 -0.05633535774281863
13.0 -0.05081671005518924
14.0 -0.03815336060595331
15.0 -0.030346266121064426
16.0 -0.022442123493722817
17.0 -0.017681439224076008
18.0 -0.013266582761007666
19.0 -0.010717173930591913
20.0 -0.00890387372139805
21.0 -0.006965395988852077
22.0 -0.005264597589455022
23.0 -0.0037756333086339036
24.0 -0.003059841787510695
25.0 -0.00286368927029026
26.0 -0.002035154990097151
27.0 -0.0018376175640761531
28.0 -0.0012876020382123269
29.0 -0.0012719303662197764
30.0 -0.0011353195745547723
31.0 -0.0005929980249350197
32.0 -0.00046275187108348937
33.0 -0.0004022632112570205
34.0 -0.00038667267423690254
35.0 -0.00025822133267537194
36.0 -0.0005213446298251493
37.0 -0.0001792599980183563
38.0 -6.957030726965782e-05
39.0 -9.963309128954207e-05
40.0 0.0
