0.0 0.0
1.0 0.0
2.0 0.0
3.0 0.0
4.0 0.0
5.0 0.0
6.0 0.0
7.0 3.3546986998643e-06
8.0 0.0065492821486594
9.0 0.017485983239933525
10.0 0.020943941201871322
11.0 0.01999951973448838
12.0 0.017329479596994785
13.0 0.014384262978713785
14.0 0.011700637137820142
15.0 0.00943276231606894
16.0 0.007579878584735016
17.0 0.006101580128091122
18.0 0.004916342580097307
19.0 0.003984359344084139
20.0 0.0032319556702085864
21.0 0.002637408770563688
22.0 0.0021603298007297606
23.0 0.001772092411376756
24.0 0.0014721098746545008
25.0 0.0012191115614320989
26.0 0.0010188636666955888
27.0 0.0008514947279164796
28.0 0.0007169006937473259
29.0 0.0006037851202094965
30.0 0.0005075663224212156
31.0 0.0004319460751600118
32.0 0.00036902033626990587
33.0 0.00031328936423162345
34.0 0.0002688598403280027
35.0 0.00022897439856143787
36.0 0.00019801038385715934
37.0 0.0001679320940581239
38.0 0.0001487462133996367
39.0 0.0001269868421436988
40.0 0.0
