0.0 0.0
1.0 0.0
2.0 0.0
3.0 0.0
4.0 0.0
5.0 0.0
6.0 0.0
7.0 0.0007047904652128596
8.0 1.7643042546211765
9.0 4.756330579704016
10.0 5.752542412801087
11.0 5.550646996625051
12.0 4.876138828186105
13.0 4.101274333682041
14.0 3.3823489447578887
15.0 2.7599010452648445
16.0 2.2443124451659395
17.0 1.8245539167282772
18.0 1.4870228364174305
19.0 1.2151105859139242
20.0 0.9944468363011896
21.0 0.8177563506078669
22.0 0.6774982717304034
23.0 0.5614061716543443
24.0 0.4664881406025312
25.0 0.38951124515776203
26.0 0.3269129891256204
27.0 0.2747432266806018
28.0 0.23120636763993932
29.0 0.19617121842913693
30.0 0.1670237279993356
31.0 0.14130444261499142
32.0 0.12101090344524308
33.0 0.10347586510500256
34.0 0.08860630465377016
35.0 0.07652112262871731
36.0 0.06561732014147963
37.0 0.057172400470020084
38.0 0.048892508113651256
39.0 0.0427265001098473
40.0 0.0
