0.0 0.0
1.0 0.0
2.0 0.0
3.0 0.0002512507874358586
4.0 0.5521526475799832
5.0 3.187598176153589
6.0 5.504706759544485
7.0 6.189434513131567
8.0 5.790551455779317
9.0 4.960672662546628
10.0 4.059924683631829
11.0 3.242620727230104
12.0 2.562162649249512
13.0 2.013629077861857
14.0 1.5786728369622591
15.0 1.2392679181548472
16.0 0.9775697721365134
17.0 0.7718488417965754
18.0 0.6131033190850622
19.0 0.48793513015233797
20.0 0.3903596985702159
21.0 0.31329354055824365
22.0 0.2530979075326271
23.0 0.20521562751159073
24.0 0.16678799294095584
25.0 0.13654012405594787
26.0 0.11157909715966162
27.0 0.09204735198836884
28.0 0.07602755539237163
29.0 0.06276300092110952
30.0 0.0
