4.0 0.06254096672958848
4.5 0.05236252891848037
5.0 0.04379180468596204
5.5 0.03569242700394742
6.0 0.028104891526507213
6.5 0.02231739652781143
7.0 0.01616358290841243
7.5 0.01574743637599885
8.0 0.012050118160807463
8.5 0.009561916677867849
9.0 0.008282916847208523
9.5 0.006234361009870907
10.0 0.005355451408325866
10.5 0.0045067164984525865
11.0 0.0033358862433327118
11.5 0.0026468726721696543
12.0 0.003283934535463369
12.5 0.0020779663020578797
13.0 0.0018453441965655577
13.5 0.0015096352396378634
14.0 0.0015016208840838983
14.5 0.0009958664034072655
15.0 0.0009707351816558521
15.5 0.0008097347922937333
16.0 0.0006941375927641139
16.5 0.0007602682394512789
17.0 0.000634996485191146
17.5 0.0003852398386561667
18.0 0.00043648034048574533
18.5 0.00022890981670446676
19.0 0.0005593466094675553
19.5 0.0002672137101214023
20.0 0.00028088877545818543
20.5 0.0001069752783757969
21.0 0.0002178055686861455
21.5 0.00013733772509585252
22.0 0.00013143453670749978
22.5 0.0001365999120443041
23.0 0.00012807906008367183
23.5 0.00010491989365438948
24.0 0.0
