4.0 -0.26171798985240113
4.5 -0.2041291478179922
5.0 -0.15507741181077062
5.5 -0.11580941320901039
6.0 -0.08674270742962914
6.5 -0.06222737636865737
7.0 -0.04873711771984679
7.5 -0.03265208974864439
8.0 -0.025886976946328258
8.5 -0.017513539555194003
9.0 -0.015056700855147397
9.5 -0.010737374266627051
10.0 -0.009040611214223001
10.5 -0.006563987728088809
11.0 -0.0030130850001700428
11.5 -0.006509768017710046
12.0 -0.0023628328846162228
12.5 -0.0024089302237824467
13.0 -0.0019505871843142407
13.5 -0.0014386679863628723
14.0 -0.0010468889216522107
14.5 -0.0010113036510266413
15.0 -0.0009247201615037355
15.5 -0.0006046376554560463
16.0 -0.0006249608662213343
16.5 -0.00035425983871609766
17.0 -0.00017531250146118253
17.5 -0.00034759281512003487
18.0 -0.00018959450141267328
18.5 -0.0003256470510844418
19.0 6.754289957898929e-05
19.5 -0.00012424054022093885
20.0 -3.7036137960807874e-05
20.5 -0.00020008309804144572
21.0 -2.1906657512482127e-05
21.5 -0.00011455785937922685
22.0 -4.268718827083151e-05
22.5 2.1734238562623438e-05
23.0 -3.080519291268554e-05
23.5 -2.367051078869527e-05
24.0 0.0
