0.0 5.2058905492026556e-05
1.0 0.00021656729562959608
2.0 0.0002458046187560655
3.0 0.0004882284876082115
4.0 0.016432445639041608
5.0 0.053799388917879165
6.0 0.06517579598458303
7.0 0.04901259835471559
8.0 0.028340965460862955
9.0 0.015338448083825966
10.0 0.00667894220539624
11.0 0.0006403351019295435
12.0 -0.0018325949564720022
13.0 -0.005061052189177816
14.0 -0.005134216776510941
15.0 -0.004931204242276675
16.0 -0.0058243741057221795
17.0 -0.005172188514414044
18.0 -0.004595285474159869
19.0 -0.003929696717227239
20.0 -0.003061197143343241
21.0 -0.003575135252685012
22.0 -0.002502712217671179
23.0 -0.002254230476541413
24.0 -0.0021105242681200664
25.0 -0.001369063044881404
26.0 -0.001461978429000736
27.0 -0.0011308267856239298
28.0 -0.0010752973918506765
29.0 -0.0011804541233243137
30.0 0.0
