4.0 0.06375869625577105
4.5 0.051992259323266704
5.0 0.04156206844528851
5.5 0.03279377850557184
6.0 0.025798557162351354
6.5 0.02026015218049106
7.0 0.01594269050122149
7.5 0.012612384594327345
8.0 0.010017817309158537
8.5 0.007991480774264943
9.0 0.006419393048214463
9.5 0.005183331337656227
10.0 0.004198352506370604
10.5 0.0034193877240494158
11.0 0.0028030891179666112
11.5 0.002305076607938029
12.0 0.0019061422686373689
12.5 0.0015811000084911524
13.0 0.0013237715011148185
13.5 0.00110805517307675
14.0 0.0009257979051368028
14.5 0.0007841048568125825
15.0 0.0006623678713261428
15.5 0.0005661081874239644
16.0 0.00047870775256536667
16.5 0.0004099569708246355
17.0 0.0003488990624199845
17.5 0.0003027476809103843
18.0 0.00026019269731627196
18.5 0.00022702062790150033
19.0 0.00019402846468537585
19.5 0.0001695962172791311
20.0 0.00014707781550362686
20.5 0.00012789133492855745
21.0 0.00011128059125378846
21.5 9.758081604383091e-05
22.0 8.57363667188742e-05
22.5 7.545440457427667e-05
23.0 6.588826788186673e-05
23.5 5.895060923907967e-05
24.0 0.0
