4.0 0.06434258069588579
4.5 0.05237713041210119
5.0 0.0417992083134787
5.5 0.0329367604264977
6.0 0.025884522671993385
6.5 0.020312269757900375
7.0 0.015974683063711626
7.5 0.01263236965042072
8.0 0.010030498567048775
8.5 0.007999625894935558
9.0 0.006424722860115171
9.5 0.005186872672701107
10.0 0.004200748606943132
10.5 0.0034210216013582763
11.0 0.002804215721719887
11.5 0.0023058698154224152
12.0 0.0019067045453967887
12.5 0.0015815013676119308
13.0 0.001324063358619512
13.5 0.001108264879716615
14.0 0.0009259528257403659
14.5 0.0007842201539550213
15.0 0.0006624542784258319
15.5 0.0005661727610844794
16.0 0.00047875710469213713
16.5 0.00040999469052035753
17.0 0.0003489283070004605
17.5 0.00030277018807790346
18.0 0.0002602099821483065
18.5 0.00022703456456950417
19.0 0.00019403928753508362
19.5 0.0001696043930759195
20.0 0.00014708442855841192
20.5 0.0001278965941155705
21.0 0.00011128487907986363
21.5 9.758418996226077e-05
22.0 8.573898852256289e-05
22.5 7.545654516510611e-05
23.0 6.589006037886984e-05
23.5 5.895205122582071e-05
24.0 0.0
