4.0 0.061133748219696
4.5 0.05222210931509501
5.0 0.04539265621703081
5.5 0.03500946744137624
6.0 0.028783552472561893
6.5 0.02227988141557026
7.0 0.017366375924328534
7.5 0.01537406743755632
8.0 0.011093496684137786
8.5 0.01000676336373151
9.0 0.007867696356568485
9.5 0.006435626409581661
10.0 0.005060648397420535
10.5 0.00454769846958069
11.0 0.0037961531065167147
11.5 0.0029473745287724924
12.0 0.002524781766475005
12.5 0.0022483367023213453
13.0 0.0020090692705508105
13.5 0.001361829044822945
14.0 0.0015613319852722412
14.5 0.001110494836196602
15.0 0.0010029505715779957
15.5 0.0009295140256997923
16.0 0.0005408837316858136
16.5 0.0008073854135293974
17.0 0.0005042377842956042
17.5 0.0002402032178250312
18.0 0.0006209425230388054
18.5 0.0003733433752489809
19.0 0.0003443549316835473
19.5 0.0002271633340025631
20.0 0.0002751529281025046
20.5 0.0001762592976201741
21.0 0.0001696592180514957
21.5 0.00023367137134177685
22.0 0.0001552907631020021
22.5 0.00013777748875042707
23.0 0.00012648968886326133
23.5 6.757007946262924e-05
24.0 0.0
