4.0 0.0005839780877049436
4.5 0.0003849824601143803
5.0 0.00023728796946493013
5.5 0.00014292425197974634
6.0 8.587354784029172e-05
6.5 5.203331766819921e-05
7.0 3.198528209689407e-05
7.5 1.9924145513130155e-05
8.0 1.2627335029639976e-05
8.5 8.134774954630371e-06
9.0 5.3514196083057985e-06
9.5 3.543856709717417e-06
10.0 2.3855323319182476e-06
10.5 1.6361363449693833e-06
11.0 1.1294888058192574e-06
11.5 7.906246418352304e-07
12.0 5.598207321845704e-07
12.5 4.0263843640890563e-07
13.0 2.90652512677736e-07
13.5 2.10358336575576e-07
14.0 1.5473652942700202e-07
14.5 1.1544710128935402e-07
15.0 8.619534571391828e-08
15.5 6.455412588692443e-08
16.0 4.967322629777194e-08
16.5 3.740010895398457e-08
17.0 2.8942178336182883e-08
17.5 2.2291840682360882e-08
18.0 1.7353948386778588e-08
18.5 1.3435112786972745e-08
19.0 1.0575841517353229e-08
19.5 8.208631006377777e-09
20.0 6.646523882445585e-09
20.5 5.315624555696084e-09
21.0 4.361935451020749e-09
21.5 3.4495980836559798e-09
22.0 2.708583898337214e-09
22.5 2.2503905967986554e-09
23.0 1.7556404155094682e-09
23.5 1.4724346941839207e-09
24.0 0.0
