4.0 0.0005838844401147372
4.5 0.0003848710888344805
5.0 0.0002371398681901883
5.5 0.00014298192092586525
6.0 8.596550964203063e-05
6.5 5.211757740931453e-05
7.0 3.19925624901346e-05
7.5 1.9985056093374228e-05
8.0 1.2681257890237132e-05
8.5 8.145120670614948e-06
9.0 5.329811900708141e-06
9.5 3.5413350448795907e-06
10.0 2.396100572527418e-06
10.5 1.6338773088605454e-06
11.0 1.1266037532758821e-06
11.5 7.932074843863102e-07
12.0 5.622767594198819e-07
12.5 4.0135912077829027e-07
13.0 2.9185750469348506e-07
13.5 2.0970663986509976e-07
14.0 1.5492060356315116e-07
14.5 1.1529714243885473e-07
15.0 8.640709968903855e-08
15.5 6.457366051495816e-08
16.0 4.9352126770471014e-08
16.5 3.7719695722065784e-08
17.0 2.9244580476012608e-08
17.5 2.250716751913471e-08
18.0 1.7284832034515794e-08
18.5 1.3936668003843191e-08
19.0 1.0822849707769157e-08
19.5 8.175796788400565e-09
20.0 6.613054785059092e-09
20.5 5.259187013047915e-09
21.0 4.287826075173649e-09
21.5 3.373918429865883e-09
22.0 2.621803688689445e-09
22.5 2.1405908294392478e-09
23.0 1.7924970031044831e-09
23.5 1.4419867410370906e-09
24.0 0.0
