4.0 18.626082018961917
4.5 15.240503346587813
5.0 12.126502336229926
5.5 9.51146931488571
6.0 7.422806948934116
6.5 5.784042965765247
7.0 4.523618376549792
7.5 3.5466808599830806
8.0 2.797810283472089
8.5 2.2200465226739214
9.0 1.7692904705666201
9.5 1.4230364172685928
10.0 1.1474944248141268
10.5 0.929865297204591
11.0 0.7595201748034688
11.5 0.6217461977244473
12.0 0.512491165966012
12.5 0.42453110793900006
13.0 0.35226589589141255
13.5 0.2940508761154226
14.0 0.2465413494076182
14.5 0.20779051567616913
15.0 0.17474630988925244
15.5 0.14846534320032448
16.0 0.12578308885664702
16.5 0.10730854886251934
17.0 0.09183835863945441
17.5 0.07901697608018374
18.0 0.06735127216439465
18.5 0.05832479522112352
19.0 0.05046116294378851
19.5 0.04367344010061706
20.0 0.037867758550382456
20.5 0.032968623759307224
21.0 0.028552872421419198
21.5 0.02503999617682741
22.0 0.02187685655136274
22.5 0.019120747090330206
23.0 0.016836056561617806
23.5 0.014943461225677065
24.0 0.0
