4.0 -0.2515000907791659
4.5 -0.2035379543870603
5.0 -0.16009325394832724
5.5 -0.1134711601535437
6.0 -0.0879597875339975
6.5 -0.06205795855821952
7.0 -0.048198603832637146
7.5 -0.03354251626076155
8.0 -0.02850180057206441
8.5 -0.019387472429628544
9.0 -0.014538485309388012
9.5 -0.010976960597253307
10.0 -0.009244642647744158
10.5 -0.006709109310796694
11.0 -0.005659327281436146
11.5 -0.004162337497173775
12.0 -0.003111707670167431
12.5 -0.002531063564176384
13.0 -0.0018924970926939432
13.5 -0.0018778306034859138
14.0 -0.0010476389906298638
14.5 -0.0010074117658602302
15.0 -0.0008014847978939645
15.5 -0.0005102464322415932
16.0 -0.00068076239462863
16.5 -0.0002988326676914857
17.0 -0.00035630247921612833
17.5 -0.0006901687322860002
18.0 4.177867422635597e-05
18.5 -0.00021644247698853283
19.0 -0.00010226343618769258
19.5 -0.00029806937788754415
20.0 -0.0002065086206717274
20.5 -0.0001206603229597226
21.0 -0.00011173298306412348
21.5 2.4098063357102996e-05
22.0 -6.945474317203272e-05
22.5 -1.1146938785949062e-05
23.0 1.5094334180914903e-05
23.5 -6.488187186279387e-05
24.0 0.0
