4.0 0.06379517020737428
4.5 0.05203720764268204
5.0 0.04157615474078278
5.5 0.032813197871414373
6.0 0.025794825845418645
6.5 0.020235784401814363
7.0 0.015939842798954686
7.5 0.012604975815368041
8.0 0.009996764515272524
8.5 0.007996298353975143
9.0 0.006409397395220943
9.5 0.005173732879002338
10.0 0.004188331822680848
10.5 0.003418689547148092
11.0 0.002797314102091651
11.5 0.0023009531067615984
12.0 0.001904537863975981
12.5 0.0015809928945710195
13.0 0.0013194300697562489
13.5 0.0011051942711225598
14.0 0.0009269325753432687
14.5 0.0007808892480870756
15.0 0.0006633688306352283
15.5 0.0005627308255655906
16.0 0.000477936544337793
16.5 0.00040731085177969964
17.0 0.0003520982006717644
17.5 0.0003011036441570271
18.0 0.0002593052224095432
18.5 0.00022415405302788718
19.0 0.0001943643416333174
19.5 0.00016929805921155766
20.0 0.0001467026042406056
20.5 0.00012777150677152795
21.0 0.00011189548683220093
21.5 9.722726750673052e-05
22.0 8.60355514268904e-05
22.5 7.536759450689337e-05
23.0 6.565278642525875e-05
23.5 5.8446353551730836e-05
24.0 0.0
