0.0 0.0
1.0 0.0
2.0 0.0
3.0 8.285966073916433e-08
4.0 6.483203236116402e-05
5.0 0.0002101816311078642
6.0 0.00020212071051934995
7.0 0.00013348769578832364
8.0 7.759817079201893e-05
9.0 4.326057028706917e-05
10.0 2.403500027741502e-05
11.0 1.3483023084093967e-05
12.0 7.717856379318031e-06
13.0 4.461876955563752e-06
14.0 2.6581489700965325e-06
15.0 1.612140917100239e-06
16.0 9.918323232117373e-07
17.0 6.224441402971694e-07
18.0 3.9806120367839576e-07
19.0 2.593728796191277e-07
20.0 1.7374811313000388e-07
21.0 1.1353316792591231e-07
22.0 7.66994586720435e-08
23.0 5.232729657145315e-08
24.0 3.657151612878479e-08
25.0 2.5531584538782967e-08
26.0 1.7748468027434492e-08
27.0 1.2425257745282434e-08
28.0 9.499545798564544e-09
29.0 6.66085336991618e-09
30.0 0.0
