0.0 0.0
1.0 0.0
2.0 0.0
3.0 7.670233027692589e-07
4.0 0.0014773815792556116
5.0 0.009418422495878171
6.0 0.017509048270905048
7.0 0.020687424822807953
8.0 0.020039324411513487
9.0 0.017616294494110132
10.0 0.014693863762229233
11.0 0.011918611472669873
12.0 0.009525986272604979
13.0 0.007548551702022581
14.0 0.00598161090766491
15.0 0.004721947234511422
16.0 0.0037391034852942997
17.0 0.0029732063745996056
18.0 0.002365583770952072
19.0 0.0018941482061383744
20.0 0.001518045531389369
21.0 0.0012291934769209012
22.0 0.000989197608297686
23.0 0.000806258406003417
24.0 0.000656467773715499
25.0 0.0005380350483260242
26.0 0.0004415862967868532
27.0 0.0003651877114944637
28.0 0.0003001845795702293
29.0 0.000251457659096405
30.0 0.0
