0.0 0.0
1.0 0.0
2.0 0.0
3.0 6.841636420300945e-07
4.0 0.0014125495468944476
5.0 0.009208240864770307
6.0 0.0173069275603857
7.0 0.02055393712701963
8.0 0.01996172624072147
9.0 0.01757303392382306
10.0 0.014669828761951817
11.0 0.01190512844958578
12.0 0.009518268416225661
13.0 0.007544089825067018
14.0 0.005978952758694814
15.0 0.004720335093594322
16.0 0.003738111652971088
17.0 0.0029725839304593086
18.0 0.0023651857097483934
19.0 0.0018938888332587552
20.0 0.0015178717832762389
21.0 0.0012290799437529752
22.0 0.0009891209088390138
23.0 0.0008062060787068456
24.0 0.0006564312021993702
25.0 0.0005380095167414854
26.0 0.0004415685483188257
27.0 0.00036517528623671844
28.0 0.00030017508002443073
29.0 0.0002514509982430351
30.0 0.0
