4.0 0.06437914829507922
4.5 0.052422190102796425
5.0 0.04181344271024771
5.5 0.03295612212339412
6.0 0.025880699393258936
6.5 0.020287817719482563
7.0 0.01597182808105158
7.5 0.012624899960881172
8.0 0.010009391850302165
8.5 0.008004433128929773
9.0 0.006414748814829249
9.5 0.005177276735712055
10.0 0.004190717355012766
10.5 0.0034203256834930613
11.0 0.00279844359089747
11.5 0.0023017437314034337
12.0 0.0019050976847081655
12.5 0.0015813955330074283
13.0 0.0013197207222689267
13.5 0.0011054046294591354
14.0 0.0009270873118726957
14.5 0.000781004695188365
15.0 0.0006634550259809422
15.5 0.0005627953796914775
16.0 0.0004779862175640907
16.5 0.00040734825188865363
17.0 0.00035212714285010055
17.5 0.0003011259359977094
18.0 0.00025932257635792995
18.5 0.00022416748814067415
19.0 0.00019437491747483475
19.5 0.00016930626784256403
20.0 0.00014670925076448805
20.5 0.00012777682239608365
21.0 0.00011189984876765195
21.5 9.723071710481417e-05
22.0 8.603826001078873e-05
22.5 7.536984489749016e-05
23.0 6.565454206567425e-05
23.5 5.844782598642502e-05
24.0 0.0
