4.0 18.611069959882567
4.5 15.223602644130052
5.0 12.118186435091275
5.5 9.517099003163324
6.0 7.4278332373980875
6.5 5.789517973913153
7.0 4.520898189731762
7.5 3.5500817384218837
8.0 2.802545958635765
8.5 2.2236139494916665
9.0 1.7708323354918094
9.5 1.4250096673745027
10.0 1.1490913796907858
10.5 0.9325200795916949
11.0 0.7609779191664771
11.5 0.6224889052255397
12.0 0.5135668470529678
12.5 0.42485292903814326
13.0 0.35360938925496077
13.5 0.29472256941221003
14.0 0.2465372845957664
14.5 0.2077024471707261
15.0 0.17581078909747508
15.5 0.14851775483244747
16.0 0.12617060571696223
16.5 0.10765320891039463
17.0 0.0920366244914267
17.5 0.07871531262563963
18.0 0.06763900242529951
18.5 0.0581431492490095
19.0 0.05031263239885717
19.5 0.04359624702772573
20.0 0.03767259590751035
20.5 0.03304263079963726
21.0 0.028756344143701675
21.5 0.025126273092892806
22.0 0.022070756901553638
22.5 0.019298640724118195
23.0 0.016875500010981623
23.5 0.014813565037125121
24.0 0.0
