-1000.0 5.699589396897928e-09
-980.0 6.844223882983719e-09
-960.0 7.0435003146652435e-09
-940.0 7.246607893720223e-09
-920.0 8.052696314582766e-09
-900.0 8.762668472523552e-09
-880.0 9.457129384521745e-09
-860.0 1.0332116970345347e-08
-840.0 1.1501629867279558e-08
-820.0 1.288562977523371e-08
-800.0 1.3990981699805338e-08
-780.0 1.5443011193587698e-08
-760.0 1.7164413722070984e-08
-740.0 1.872079429454483e-08
-720.0 2.085116026090393e-08
-700.0 2.32759902208616e-08
-680.0 2.578553162943166e-08
-660.0 2.8804131866701224e-08
-640.0 3.159523963812971e-08
-620.0 3.59826659816894e-08
-600.0 4.063314121634489e-08
-580.0 4.595673218861269e-08
-560.0 5.251232447815537e-08
-540.0 5.934843752034344e-08
-520.0 6.815474292744906e-08
-500.0 7.878875743496665e-08
-480.0 9.012231117121381e-08
-460.0 1.0422802689014057e-07
-440.0 1.2095491475359607e-07
-420.0 1.419847969670778e-07
-400.0 1.67109985316913e-07
-380.0 1.982933444049421e-07
-360.0 2.3651208457578868e-07
-340.0 2.845559971099505e-07
-320.0 3.444641059900938e-07
-300.0 4.2028127274546757e-07
-280.0 5.194542638501974e-07
-260.0 6.46430422309703e-07
-240.0 8.150278872853474e-07
-220.0 1.0404546111222864e-06
-200.0 1.3454708616014552e-06
-180.0 1.7636564581399747e-06
-160.0 2.342215176825296e-06
-140.0 3.140470722247389e-06
-120.0 4.233962554840422e-06
-100.0 5.6182675290369394e-06
-80.0 6.90674949946838e-06
-60.0 6.3555271883801835e-06
-40.0 1.8264047820141755e-06
-20.0 9.087879977816687e-10
0.0 0.0
