-1000.0 0.005693702478201157
-980.0 0.006015210613511176
-960.0 0.006237697716355532
-940.0 0.00656961031176767
-920.0 0.006845792328001975
-900.0 0.007202786226343804
-880.0 0.0075528668882983195
-860.0 0.00795301810979372
-840.0 0.00837205340344208
-820.0 0.008843613662094288
-800.0 0.009253083958237335
-780.0 0.009819996624541118
-760.0 0.010308042629453206
-740.0 0.010947383775704568
-720.0 0.011538731939551098
-700.0 0.012211788591967662
-680.0 0.012981089330948875
-660.0 0.013796076530228138
-640.0 0.014670457249997326
-620.0 0.015601829344530867
-600.0 0.016687105382668096
-580.0 0.017831688709619927
-560.0 0.01901097708881061
-540.0 0.020442907774647693
-520.0 0.021922345314263555
-500.0 0.02358067319908142
-480.0 0.025464441708558813
-460.0 0.02745184004756626
-440.0 0.02972556744204022
-420.0 0.03225579680380893
-400.0 0.03512185517825963
-380.0 0.03843249897160244
-360.0 0.04185126423914166
-340.0 0.04607479543819151
-320.0 0.05071593219041726
-300.0 0.056101914713916026
-280.0 0.06227601694050794
-260.0 0.0694116288927695
-240.0 0.07765990789169717
-220.0 0.0871873795295604
-200.0 0.09821738286647005
-180.0 0.11074524763244922
-160.0 0.12513956696226167
-140.0 0.14060976117963328
-120.0 0.15625632940062556
-100.0 0.1672083918171302
-80.0 0.16401289675384342
-60.0 0.12290000859795125
-40.0 0.03400152378810605
-20.0 4.448518685026068e-05
0.0 0.0
