-1000.0 -4.0440056005237244e-06
-980.0 -1.5812780063279301e-06
-960.0 1.2988687914060773e-05
-940.0 -1.4427353355465177e-05
-920.0 7.682874376396931e-06
-900.0 1.8461651460960516e-05
-880.0 2.2589386836529508e-05
-860.0 1.4909681593363444e-05
-840.0 6.343350505476853e-06
-820.0 -1.8784625788296631e-06
-800.0 -3.324069548006922e-05
-780.0 1.8437135331696363e-05
-760.0 2.3175589276233733e-05
-740.0 2.4620183642666376e-05
-720.0 3.587951727304704e-06
-700.0 1.7029562363469935e-06
-680.0 4.113883290784583e-05
-660.0 2.9651087045542193e-05
-640.0 1.5089920300604215e-05
-620.0 1.0384119749785216e-05
-600.0 2.42382960528463e-05
-580.0 2.0599095348286718e-05
-560.0 6.252064057293021e-05
-540.0 2.3512685047766358e-05
-520.0 3.2669747901089796e-05
-500.0 8.618013503961379e-05
-480.0 6.978419104163047e-05
-460.0 1.7608653703769106e-05
-440.0 8.617290458011923e-05
-420.0 7.781788464008988e-05
-400.0 7.030685864216499e-05
-380.0 9.372823591523424e-05
-360.0 0.00012922378874284318
-340.0 0.0001315582651135664
-320.0 0.00015143664513608764
-300.0 0.0002187744417855541
-280.0 0.00022332814233430988
-260.0 0.00023989707426161312
-240.0 0.000261278705691318
-220.0 0.0003069611301394047
-200.0 0.0004073448402290466
-180.0 0.0004760077698525644
-160.0 0.0005705596536483237
-140.0 0.0007501343471752231
-120.0 0.0008100540975317054
-100.0 0.000958323476855388
-80.0 0.0011735137962192851
-60.0 0.0009994563716019917
-40.0 0.00037282083637931243
-20.0 4.6193453336702944e-06
0.0 0.0
