-1000.0 2.0057703072621116e-05
-980.0 2.0951380700278932e-05
-960.0 2.2018172866714614e-05
-940.0 2.3071819314428795e-05
-920.0 2.4167922591564327e-05
-900.0 2.5319207662457924e-05
-880.0 2.6672267960196226e-05
-860.0 2.8027062737173283e-05
-840.0 2.963588898129395e-05
-820.0 3.124248115876853e-05
-800.0 3.288941702833485e-05
-780.0 3.487009846318159e-05
-760.0 3.6765493680283886e-05
-740.0 3.8846411896669916e-05
-720.0 4.128396526473017e-05
-700.0 4.3801382250353904e-05
-680.0 4.6498391393829884e-05
-660.0 4.949202762461199e-05
-640.0 5.2760314989162794e-05
-620.0 5.63299519706493e-05
-600.0 6.024889538113841e-05
-580.0 6.438759933836219e-05
-560.0 6.942469480284401e-05
-540.0 7.40730210888986e-05
-520.0 7.997344637929564e-05
-500.0 8.614758906555011e-05
-480.0 9.298719531847127e-05
-460.0 0.00010081578876053986
-440.0 0.00010921195566126958
-420.0 0.00011876831379550972
-400.0 0.0001295339171379798
-380.0 0.0001416866858652644
-360.0 0.00015483575576767861
-340.0 0.0001706046403975292
-320.0 0.00018817919643186008
-300.0 0.0002081944833215308
-280.0 0.00023103915956981073
-260.0 0.0002574242497072649
-240.0 0.0002869633114501308
-220.0 0.00032148411309981193
-200.0 0.0003605959729442424
-180.0 0.000404112621727326
-160.0 0.000452393210880618
-140.0 0.0005013647933269823
-120.0 0.0005439337119173572
-100.0 0.0005644650023315856
-80.0 0.0005227024814766612
-60.0 0.0003547375266068414
-40.0 8.284035010128111e-05
-20.0 6.353929916047744e-08
0.0 0.0
