-1000.0 2.0052003483224218e-05
-980.0 2.094453647639595e-05
-960.0 2.2011129366399947e-05
-940.0 2.3064572706535073e-05
-920.0 2.4159869895249743e-05
-900.0 2.5310444993985403e-05
-880.0 2.6662810830811703e-05
-860.0 2.801673062020294e-05
-840.0 2.962438735142667e-05
-820.0 3.12295955289933e-05
-800.0 3.2875426046635044e-05
-780.0 3.4854655451988e-05
-760.0 3.674832926656182e-05
-740.0 3.882769110237537e-05
-720.0 4.126311410446927e-05
-700.0 4.3778106260133044e-05
-680.0 4.6472605862200454e-05
-660.0 4.946322349274529e-05
-640.0 5.272871974952466e-05
-620.0 5.629396930466761e-05
-600.0 6.020826223992206e-05
-580.0 6.434164260617358e-05
-560.0 6.937218247836585e-05
-540.0 7.401367265137827e-05
-520.0 7.99052916363682e-05
-500.0 8.606880030811514e-05
-480.0 9.289707300730006e-05
-460.0 0.00010071156073364972
-440.0 0.00010909100074651598
-420.0 0.00011862632899854264
-400.0 0.00012936680715266288
-380.0 0.00014148839252085946
-360.0 0.00015459924368310283
-340.0 0.00017032008440041925
-320.0 0.00018783473232586998
-300.0 0.00020777420204878534
-280.0 0.00023051970530596052
-260.0 0.0002567778192849552
-240.0 0.00028614828356284547
-220.0 0.00032044365848868964
-200.0 0.0003592505020826409
-180.0 0.00040234896526918605
-160.0 0.0004500509957037927
-140.0 0.0004982243226047348
-120.0 0.0005396997493625168
-100.0 0.0005588467348025487
-80.0 0.0005157957319771928
-60.0 0.0003483819994184612
-40.0 8.101394531926693e-05
-20.0 6.263051116269577e-08
0.0 0.0
