-4.5 3.3400787115532406e-05
-4.14 6.738198113046277e-05
-3.78 0.00013264969868166356
-3.42 0.0002533897332712551
-3.06 0.0004530738230207944
-2.7 0.0007390818717527743
-2.34 0.0010662455446968787
-1.98 0.0013658269521353915
-1.62 0.0015830460687547392
-1.26 0.0017151475883969106
-0.9000000000000004 0.0017862673582975063
-0.54 0.0018215391174828503
-0.1799999999999997 0.0018305383096043706
0.1799999999999997 0.0018216280549954794
0.54 0.0017853696936283425
0.8999999999999995 0.0017158194434964437
1.26 0.0015823571527737164
1.62 0.0013659457204061945
1.98 0.0010665346836253252
2.34 0.0007381371519688576
2.699999999999999 0.00045394947190359686
3.06 0.0002533012280491023
3.42 0.00013269857126822635
3.779999999999999 6.729528442166816e-05
4.140000000000001 3.3464688445544947e-05
4.5 0.0
