-4.5 2.497508088544111e-07
-4.14 5.040583772595207e-07
-3.78 9.973315627378401e-07
-3.42 1.90738067973737e-06
-3.06 3.413102351248008e-06
-2.7 5.553784385241727e-06
-2.34 7.97771932944921e-06
-1.98 1.0007931766591764e-05
-1.62 1.1063315347531347e-05
-1.26 1.094994681128017e-05
-0.9000000000000004 9.814204583244869e-06
-0.54 8.3136085594814e-06
-0.1799999999999997 7.596321687798196e-06
0.1799999999999997 8.313973053503236e-06
0.54 9.832754498743334e-06
0.8999999999999995 1.0947413821385171e-05
1.26 1.1059323823560906e-05
1.62 9.99967596719785e-06
1.98 7.969214591396406e-06
2.34 5.550401269189512e-06
2.699999999999999 3.415622193628635e-06
3.06 1.9029118058093092e-06
3.42 9.98005465099527e-07
3.779999999999999 5.044041751101917e-07
4.140000000000001 2.5001077102588823e-07
4.5 0.0
