-4.5 0.01409550434925422
-4.14 0.028368241131770975
-3.78 0.056037566588402775
-3.42 0.10713674411783417
-3.06 0.19203355896996224
-2.7 0.3125579877811247
-2.34 0.448951791305725
-1.98 0.5625938231057223
-1.62 0.622631092026221
-1.26 0.6164361503388935
-0.9000000000000004 0.5530866702025813
-0.54 0.4682971615291826
-0.1799999999999997 0.4278120080012173
0.1799999999999997 0.46854525903723415
0.54 0.5530081134138848
0.8999999999999995 0.6165345949732566
1.26 0.6226989021092945
1.62 0.5627921610122055
1.98 0.44840837013782125
2.34 0.31275579530296754
2.699999999999999 0.19205008061250572
3.06 0.10709351113574858
3.42 0.055999738634895005
3.779999999999999 0.02837773039606948
4.140000000000001 0.014113908072828077
4.5 0.0
