-4.5 3.3650537924386815e-05
-4.14 6.78860395077223e-05
-3.78 0.0001336470302444014
-3.42 0.00025529711395099245
-3.06 0.0004564869253720424
-2.7 0.000744635656138016
-2.34 0.001074223264026328
-1.98 0.0013758348839019833
-1.62 0.0015941093841022704
-1.26 0.0017260975352081907
-0.9000000000000004 0.001796081562880751
-0.54 0.0018298527260423318
-0.1799999999999997 0.0018381346312921689
0.1799999999999997 0.0018299420280489826
0.54 0.0017952024481270859
0.8999999999999995 0.001726766857317829
1.26 0.0015934164765972773
1.62 0.0013759453963733924
1.98 0.0010745038982167216
2.34 0.0007436875532380471
2.699999999999999 0.0004573650940972255
3.06 0.00025520413985491165
3.42 0.00013369657673332588
3.779999999999999 6.779968859677834e-05
4.140000000000001 3.3714699216570836e-05
4.5 0.0
