-4.5 0.00010824673372102353
-4.14 0.00020274439167488747
-3.78 0.00040836347163217057
-3.42 0.0008141475835782253
-3.06 0.0013812049399173469
-2.7 0.002246139875056186
-2.34 0.003203247420734397
-1.98 0.0038366154251870334
-1.62 0.004108663910915107
-1.26 0.003981346530499456
-0.9000000000000004 0.0037473459522186867
-0.54 0.0036067947513136393
-0.1799999999999997 0.003532484676533873
0.1799999999999997 0.0035825615890912495
0.54 0.0037372517480476954
0.8999999999999995 0.0039685179808553
1.26 0.0041348387141678196
1.62 0.0037908416352591782
1.98 0.0032159339114512914
2.34 0.002216799719758101
2.699999999999999 0.0014263198556305253
3.06 0.0007614272094848493
3.42 0.00041028417783847357
3.779999999999999 0.0002000113995070202
4.140000000000001 9.75725227464611e-05
4.5 0.0
