0.0 0.0019592587086613156
0.356 0.005281391663415715
0.7120000000000001 0.007469950557941229
1.068 0.008151912263369768
1.424 0.008090403195302041
1.78 0.007551492769670761
2.136 0.006837408833767409
2.492 0.00607665303175205
2.848 0.005265067736745681
3.204 0.004674483025181524
3.56 0.004015739530771432
3.916 0.003478466251746067
4.272 0.0030645617058914294
4.628 0.0025272023352666804
4.984000000000001 0.002234323461256566
5.340000000000001 0.0019274411887708629
5.696000000000001 0.0016118749307609728
6.052 0.001316964296117788
6.408 0.0010746302424789846
6.764000000000001 0.0008616812871199039
7.120000000000001 0.0006119806300700314
7.476000000000001 0.00025994325778711446
7.832000000000001 -0.00035235744869465963
8.188 -0.002007545097928269
8.544 -0.022404399205519177
8.9 0.0
