0.0 0.0002125193604799341
0.356 0.0005927187861513133
0.7120000000000001 0.0008651290696678333
1.068 0.001022169072690174
1.424 0.0010892352284405963
1.78 0.0011009259181686255
2.136 0.0010810391001427873
2.492 0.0010456068776821073
2.848 0.0010041388162380252
3.204 0.0009633081703172593
3.56 0.0009245020267752399
3.916 0.0008914988998912728
4.272 0.0008613864860272824
4.628 0.0008370448833033647
4.984000000000001 0.0008195525948648114
5.340000000000001 0.0008085936843311348
5.696000000000001 0.0008015988788145832
6.052 0.0008034367358261459
6.408 0.0008152643621395625
6.764000000000001 0.0008397501964898433
7.120000000000001 0.0008826001443602288
7.476000000000001 0.000957557787757724
7.832000000000001 0.0010926378802377523
8.188 0.0014056695805723211
8.544 0.0026302311785535958
8.9 0.0
