0.0 0.0890427596394173
0.356 0.24827450422825142
0.7120000000000001 0.36363276539769357
1.068 0.4297032319401852
1.424 0.4575129995413495
1.78 0.46002128278076293
2.136 0.44924799165938534
2.492 0.4303834161052406
2.848 0.4089170114728941
3.204 0.38715243229277085
3.56 0.36581383974271015
3.916 0.34627790070291253
4.272 0.3286287242738423
4.628 0.31229162218294887
4.984000000000001 0.29797777403404724
5.340000000000001 0.285804873505862
5.696000000000001 0.2756166306172821
6.052 0.2673864277723638
6.408 0.26151249846945707
6.764000000000001 0.25903537245020053
7.120000000000001 0.2602189501936288
7.476000000000001 0.2687912034719667
7.832000000000001 0.290841078829757
8.188 0.3522200873179046
8.544 0.6177351101288168
8.9 0.0
