0.0 0.00021093832560059727
0.356 0.0005883024690464821
0.7120000000000001 0.0008586622506498872
1.068 0.0010145405246665853
1.424 0.0010811076807605705
1.78 0.0010927433409271153
2.136 0.0010730612347037924
2.492 0.0010379550193228885
2.848 0.0009968698061300018
3.204 0.0009564263902307303
3.56 0.0009180025247365265
3.916 0.0008853474228857185
4.272 0.0008555487146184291
4.628 0.0008314973662163559
4.984000000000001 0.0008142569235106319
5.340000000000001 0.0008035186215824922
5.696000000000001 0.0007967074252292304
6.052 0.0007986872168730106
6.408 0.0008106186340978224
6.764000000000001 0.0008351523934695986
7.120000000000001 0.0008779724096075025
7.476000000000001 0.0009527855290067825
7.832000000000001 0.0010874768464455994
8.188 0.0013994216683343539
8.544 0.002619262388454072
8.9 0.0
