0.0 1.5810348793368385e-06
0.356 4.416317104831248e-06
0.7120000000000001 6.466819017946078e-06
1.068 7.6285480235887355e-06
1.424 8.127547680025873e-06
1.78 8.182577241510229e-06
2.136 7.977865438994969e-06
2.492 7.651858359218872e-06
2.848 7.2690101080235035e-06
3.204 6.88178008652893e-06
3.56 6.4995020387133866e-06
3.916 6.151477005554322e-06
4.272 5.83777140885334e-06
4.628 5.5475170870087936e-06
4.984000000000001 5.2956713541795354e-06
5.340000000000001 5.075062748642498e-06
5.696000000000001 4.891453585352813e-06
6.052 4.749518953135312e-06
6.408 4.64572804174009e-06
6.764000000000001 4.597803020244682e-06
7.120000000000001 4.62773475272635e-06
7.476000000000001 4.77225875094142e-06
7.832000000000001 5.161033792152859e-06
8.188 6.2479122379673135e-06
8.544 1.0968790099523612e-05
8.9 0.0
