-1.0 0.03113481321465581
-0.95 0.013963749448074804
-0.9 0.008640103836975135
-0.85 0.006504804469314123
-0.8 0.0053671556958809555
-0.75 0.004704589265848291
-0.7 0.0042615987458580196
-0.6499999999999999 0.003989468767359726
-0.6 0.003826477324613197
-0.55 0.0037488824781041524
-0.5 0.00374752543125906
-0.45 0.0038276700621719967
-0.3999999999999999 0.003992891277968595
-0.35 0.0042684773209975815
-0.2999999999999999 0.0046909847105293155
-0.25 0.005375238596219677
-0.2 0.006497929059878283
-0.1499999999999999 0.00864826140151924
-0.09999999999999998 0.013956185212106955
-0.04999999999999993 0.03113485914566519
0.0 0.0
