-1.0 0.00023148600099598887
-0.95 9.595881354440432e-05
-0.9 5.415080091293384e-05
-0.85 3.7252771817761126e-05
-0.8 2.830443037549957e-05
-0.75 2.2907927864748735e-05
-0.7 1.9544549919163467e-05
-0.6499999999999999 1.7366395217159996e-05
-0.6 1.6076090313265333e-05
-0.55 1.5450421200374193e-05
-0.5 1.545900045809973e-05
-0.45 1.605653894872705e-05
-0.3999999999999999 1.7374278488186925e-05
-0.35 1.951063847927363e-05
-0.2999999999999999 2.294206321084803e-05
-0.25 2.83739926602849e-05
-0.2 3.732182671814622e-05
-0.1499999999999999 5.409322727368388e-05
-0.09999999999999998 9.596083667957463e-05
-0.04999999999999993 0.00023132785577708036
0.0 0.0
