-1.0 0.0313662992156518
-0.95 0.014059708261619208
-0.9 0.008694254637888069
-0.85 0.006542057241131884
-0.8 0.005395460126256455
-0.75 0.004727497193713039
-0.7 0.004281143295777183
-0.6499999999999999 0.004006835162576885
-0.6 0.0038425534149264624
-0.55 0.0037643328993045267
-0.5 0.00376298443171716
-0.45 0.003843726601120724
-0.3999999999999999 0.004010265556456782
-0.35 0.004287987959476855
-0.2999999999999999 0.004713926773740163
-0.25 0.005403612588879962
-0.2 0.006535250886596429
-0.1499999999999999 0.008702354628792925
-0.09999999999999998 0.01405214604878653
-0.04999999999999993 0.03136618700144227
0.0 0.0
