-1.0 13.021767718659795
-0.95 5.402714145161591
-0.9 3.0451458915679077
-0.85 2.099221127062558
-0.8 1.5948891387535062
-0.75 1.2931936841555578
-0.7 1.099254249067788
-0.6499999999999999 0.9781395076304478
-0.6 0.9052836705227817
-0.55 0.8705862365965141
-0.5 0.8705550784635747
-0.45 0.9035634818066456
-0.3999999999999999 0.9793290526265
-0.35 1.1004517123111113
-0.2999999999999999 1.2922116335338047
-0.25 1.59474648784341
-0.2 2.0992750157249205
-0.1499999999999999 3.049300122208836
-0.09999999999999998 5.400531223980038
-0.04999999999999993 13.019809102234506
0.0 0.0
