-1.0 -0.33311531808185835
-0.95 0.0669734020950097
-0.9 0.0708079444778545
-0.85 0.059554214785192065
-0.8 0.04972962821131505
-0.75 0.04184010552205847
-0.7 0.03515314706932261
-0.6499999999999999 0.030592622732558927
-0.6 0.026587598360057682
-0.55 0.023701543798976855
-0.5 0.021290997372324795
-0.45 0.019723856408996054
-0.3999999999999999 0.01851202069359112
-0.35 0.01815931874440197
-0.2999999999999999 0.01861456949225461
-0.25 0.019972325343759225
-0.2 0.0236760065414686
-0.1499999999999999 0.03269765093521708
-0.09999999999999998 0.05980385423590715
-0.04999999999999993 0.11992363882172254
0.0 0.0
