-1.0 0.03113485914566512
-0.95 0.013956185212106988
-0.9 0.008648261401519221
-0.85 0.006497929059878306
-0.8 0.005375238596219671
-0.75 0.0046909847105293
-0.7 0.004268477320997587
-0.6499999999999999 0.003992891277968595
-0.6 0.0038276700621720098
-0.55 0.0037475254312590556
-0.5 0.0037488824781041563
-0.45 0.003826477324613184
-0.3999999999999999 0.003989468767359726
-0.35 0.004261598745858015
-0.2999999999999999 0.004704589265848306
-0.25 0.005367155695880961
-0.2 0.0065048044693141
-0.1499999999999999 0.008640103836975154
-0.09999999999999998 0.013963749448074773
-0.04999999999999993 0.03113481321465588
0.0 0.0
