-1.0 0.00023132785577707982
-0.95 9.596083667957485e-05
-0.9 5.409322727368376e-05
-0.85 3.7321826718146344e-05
-0.8 2.8373992660284874e-05
-0.75 2.294206321084795e-05
-0.7 1.951063847927365e-05
-0.6499999999999999 1.7374278488186925e-05
-0.6 1.6056538948727105e-05
-0.55 1.5459000458099713e-05
-0.5 1.545042120037421e-05
-0.45 1.607609031326528e-05
-0.3999999999999999 1.7366395217159996e-05
-0.35 1.9544549919163447e-05
-0.2999999999999999 2.2907927864748813e-05
-0.25 2.83044303754996e-05
-0.2 3.7252771817761004e-05
-0.1499999999999999 5.415080091293397e-05
-0.09999999999999998 9.59588135444041e-05
-0.04999999999999993 0.0002314860009959894
0.0 0.0
