-1.0 0.0313661870014422
-0.95 0.014052146048786563
-0.9 0.008702354628792906
-0.85 0.006535250886596452
-0.8 0.0054036125888799556
-0.75 0.004713926773740148
-0.7 0.00428798795947686
-0.6499999999999999 0.004010265556456782
-0.6 0.003843726601120737
-0.55 0.0037629844317171555
-0.5 0.0037643328993045306
-0.45 0.0038425534149264494
-0.3999999999999999 0.004006835162576885
-0.35 0.004281143295777179
-0.2999999999999999 0.004727497193713055
-0.25 0.0053954601262564605
-0.2 0.006542057241131861
-0.1499999999999999 0.008694254637888088
-0.09999999999999998 0.014059708261619177
-0.04999999999999993 0.03136629921565187
0.0 0.0
