-1.0 13.019809102234476
-0.95 5.4005312239800505
-0.9 3.049300122208829
-0.85 2.0992750157249276
-0.8 1.5947464878434083
-0.75 1.2922116335338005
-0.7 1.1004517123111124
-0.6499999999999999 0.9793290526265
-0.6 0.9035634818066487
-0.55 0.8705550784635738
-0.5 0.870586236596515
-0.45 0.9052836705227787
-0.3999999999999999 0.9781395076304478
-0.35 1.0992542490677866
-0.2999999999999999 1.293193684155562
-0.25 1.594889138753508
-0.2 2.0992211270625507
-0.1499999999999999 3.0451458915679144
-0.09999999999999998 5.402714145161578
-0.04999999999999993 13.021767718659826
0.0 0.0
