-1.0 -0.333770886033945
-0.95 0.06710088696975147
-0.9 0.0706586497187046
-0.85 0.05978608993794071
-0.8 0.04973921558379983
-0.75 0.04159535835467161
-0.7 0.03524371995962469
-0.6499999999999999 0.030473755979270694
-0.6 0.02652138928348604
-0.55 0.023860714995727405
-0.5 0.021335079911927943
-0.45 0.019607823322090503
-0.3999999999999999 0.01847714942700775
-0.35 0.01821978986146451
-0.2999999999999999 0.018633281681045336
-0.25 0.02008481808232567
-0.2 0.02357178427358508
-0.1499999999999999 0.03294330075542072
-0.09999999999999998 0.05975271270942535
-0.04999999999999993 0.12036449278680651
0.0 0.0
