0.0 0.023980063458973456
0.09 0.023889265633871937
0.18 0.023684742688359642
0.27 0.023385019980303075
0.36 0.022975740496276025
0.45 0.02241152870634138
0.54 0.021807809081946912
0.63 0.02108959828734572
0.72 0.020345892765479694
0.8099999999999999 0.019458652876815436
0.8999999999999999 0.01851247515188236
0.99 0.01751565128210133
1.08 0.01649125230230868
1.17 0.015410049145166516
1.26 0.014309017570610488
1.35 0.013153083060886245
1.44 0.012055013415316323
1.53 0.010930066634491342
1.62 0.009832155947330298
1.71 0.0087879024636806
1.8 0.007762396853243548
1.89 0.006787586287406823
1.98 0.005881520675239969
2.07 0.005039428240513242
2.16 0.004259497746854315
2.25 0.0035545184025418636
2.34 0.002886035092651535
2.43 0.0016160263682457976
2.52 0.0002988323406574245
2.61 4.00314814444929e-06
2.7 0.0
2.79 0.0
2.88 0.0
2.97 0.0
3.06 0.0
3.15 0.0
3.24 0.0
3.33 0.0
3.42 0.0
3.51 0.0
3.6 0.0
3.69 0.0
3.78 0.0
3.87 0.0
3.96 0.0
4.05 0.0
4.14 0.0
4.23 0.0
4.32 0.0
4.41 0.0
4.5 0.0
