0.0 0.03281453637663537
0.09 0.030112164729175637
0.18 0.028212979755214647
0.27 0.029626196962264716
0.36 0.030918641510510433
0.45 0.02866574304079505
0.54 0.017121840956596017
0.63 0.03715528162472796
0.72 0.024071680316894002
0.8099999999999999 0.022626578932544134
0.8999999999999999 0.03407487931947936
0.99 0.027259887247591437
1.08 0.02049146322575962
1.17 0.022404258223177976
1.26 0.01710874726439668
1.35 0.016954419889079357
1.44 0.01845078236446879
1.53 0.014305233868736777
1.62 0.012546415718072123
1.71 0.009702291316506328
1.8 0.016222772599469918
1.89 0.010014096782452195
1.98 0.008755165382277984
2.07 0.0068983930092221864
2.16 0.0057264676165871935
2.25 0.00682828622253093
2.34 0.004357201316765889
2.43 0.0027661951527189568
2.52 -0.0005492674036884369
2.61 -0.0010989186454653083
2.7 -0.0005898680299806146
2.79 -0.00020063672909899672
2.88 -0.00015033089716317077
2.97 -8.725573266711715e-05
3.06 -3.2666903934032405e-05
3.15 -2.4126520434429712e-05
3.24 -2.5754887695129973e-05
3.33 -5.4933276003725324e-06
3.42 -2.0796119177234003e-06
3.51 -9.97842009589636e-07
3.6 -2.110334440126168e-07
3.69 -3.895932748331152e-06
3.78 -4.0326743511985924e-07
3.87 4.064571383930886e-08
3.96 -1.7080681886734315e-08
4.05 -3.2289904380525603e-09
4.14 -3.566627317048673e-09
4.23 -3.987289775112019e-09
4.32 -1.02995308834654e-08
4.41 2.169152935569272e-09
4.5 0.0
