0.0 2.6411129212371026e-05
0.09 2.631484567434069e-05
0.18 2.6090323158216088e-05
0.27 2.5843473137350533e-05
0.36 2.552477408623208e-05
0.45 2.5022352727622293e-05
0.54 2.4436531301290877e-05
0.63 2.3873796245356003e-05
0.72 2.3130361520986362e-05
0.8099999999999999 2.2287902385557918e-05
0.8999999999999999 2.1397696605997405e-05
0.99 2.0539659452608546e-05
1.08 1.9501926011910816e-05
1.17 1.8373392990721076e-05
1.26 1.722443292749162e-05
1.35 1.6149582588628443e-05
1.44 1.4895249464845029e-05
1.53 1.3725836313158342e-05
1.62 1.249871447646362e-05
1.71 1.1240133052579622e-05
1.8 1.01199854489027e-05
1.89 8.940622464627823e-06
1.98 7.779676742029165e-06
2.07 6.79144540677264e-06
2.16 5.793743431328148e-06
2.25 4.880316568387867e-06
2.34 3.995378594008964e-06
2.43 2.53720482050214e-06
2.52 6.016204611748618e-07
2.61 1.1216292656840604e-08
2.7 0.0
2.79 0.0
2.88 0.0
2.97 0.0
3.06 0.0
3.15 0.0
3.24 0.0
3.33 0.0
3.42 0.0
3.51 0.0
3.6 0.0
3.69 0.0
3.78 0.0
3.87 0.0
3.96 0.0
4.05 0.0
4.14 0.0
4.23 0.0
4.32 0.0
4.41 0.0
4.5 0.0
