0.0 0.023953652329761085
0.09 0.0238629507881976
0.18 0.023658652365201427
0.27 0.023359176507165725
0.36 0.022950215722189794
0.45 0.02238650635361376
0.54 0.02178337255064562
0.63 0.021065724491100366
0.72 0.020322762403958708
0.8099999999999999 0.019436364974429878
0.8999999999999999 0.018491077455276363
0.99 0.01749511162264872
1.08 0.01647175037629677
1.17 0.015391675752175794
1.26 0.014291793137682996
1.35 0.013136933478297617
1.44 0.012040118165851477
1.53 0.010916340798178183
1.62 0.009819657232853834
1.71 0.008776662330628019
1.8 0.007752276867794646
1.89 0.006778645664942196
1.98 0.00587374099849794
2.07 0.0050326367951064686
2.16 0.004253704003422986
2.25 0.0035496380859734757
2.34 0.0028820397140575256
2.43 0.0016134891634252955
2.52 0.0002982307201962496
2.61 3.99193185179245e-06
2.7 0.0
2.79 0.0
2.88 0.0
2.97 0.0
3.06 0.0
3.15 0.0
3.24 0.0
3.33 0.0
3.42 0.0
3.51 0.0
3.6 0.0
3.69 0.0
3.78 0.0
3.87 0.0
3.96 0.0
4.05 0.0
4.14 0.0
4.23 0.0
4.32 0.0
4.41 0.0
4.5 0.0
