0.0 0.03074204148833761
0.0625 0.030185002761769608
0.125 0.028953598145653063
0.1875 0.02933741243578733
0.25 0.03013297204552321
0.3125 0.031313557992577984
0.375 0.029706360438764744
0.4375 0.027905116547409563
0.5 0.027857888917069366
0.5625 0.028086509273853852
0.625 0.026307421884176712
0.6875 0.02681609954401154
0.75 0.02508954374214768
0.8125 0.026814308746777298
0.875 0.025058314562672393
0.9375 0.02450894724982942
1.0 0.022619207466932998
1.0625 0.028377878624363622
1.125 0.02192345238033167
1.1875 0.019464406978457385
1.25 0.019561197628426768
1.3125 0.018456179557007377
1.375 0.018308917610873887
1.4375 0.016789689031903463
1.5 0.01467170537288335
1.5625 0.014883631182605661
1.625 0.01415376397163474
1.6875 0.012718642030810749
1.75 0.014739671873003181
1.8125 0.01279692045002052
1.875 0.010787957004172068
1.9375 0.009250116672255618
2.0 0.008649203076305867
2.0625 0.008376310099108886
2.125 0.006925887115475642
2.1875 0.005268111462820346
2.25 0.005437723689938635
2.3125 0.006225724835223039
2.375 0.004770939033374598
2.4375 0.0041534584680941134
2.5 0.0
