0.0 6.6298107300957385
0.09 6.607634825563355
0.18 6.546349640887637
0.27 6.467381467200686
0.36 6.351167478187454
0.45 6.220795244159579
0.54 6.047874254741601
0.63 5.874923428947571
0.72 5.661325164372695
0.8099999999999999 5.428355719450559
0.8999999999999999 5.177675786705993
0.99 4.917581219202525
1.08 4.6462957849932485
1.17 4.352967672509028
1.26 4.067647741433797
1.35 3.768857808526978
1.44 3.468933448830364
1.53 3.167399728633051
1.62 2.8772619534348745
1.71 2.587511183523808
1.8 2.3069695489831403
1.89 2.040754620132861
1.98 1.7840739857518069
2.07 1.5512939308161497
2.16 1.3284025797809507
2.25 1.1237071582200033
2.34 0.9316212196532898
2.43 0.5703554659739324
2.52 0.12549455433444373
2.61 0.0023630222291524403
2.7 0.0
2.79 0.0
2.88 0.0
2.97 0.0
3.06 0.0
3.15 0.0
3.24 0.0
3.33 0.0
3.42 0.0
3.51 0.0
3.6 0.0
3.69 0.0
3.78 0.0
3.87 0.0
3.96 0.0
4.05 0.0
4.14 0.0
4.23 0.0
4.32 0.0
4.41 0.0
4.5 0.0
