0.0 0.02412080627190558
0.0625 0.024109005588089323
0.125 0.02396841084589885
0.1875 0.02383536620948192
0.25 0.02358829861637474
0.3125 0.02342892689467554
0.375 0.02307185075999251
0.4375 0.022654755235346262
0.5 0.022251793825244795
0.5625 0.02177154780186976
0.625 0.02129726091479387
0.6875 0.020762458065845802
0.75 0.020218290151891256
0.8125 0.019541883533767637
0.875 0.01893898538181843
0.9375 0.018237896480164602
1.0 0.01749754731812448
1.0625 0.016799798362622687
1.125 0.016066406223437045
1.1875 0.015327401011691798
1.25 0.014542980296099425
1.3125 0.013752009045044224
1.375 0.01294973583593319
1.4375 0.01218955935572335
1.5 0.01141322457823927
1.5625 0.010635724298037245
1.625 0.009875620002572869
1.6875 0.009157794933487841
1.75 0.008419625829993569
1.8125 0.007708996354570559
1.875 0.007043189427540019
1.9375 0.00640836404427904
2.0 0.005767072941491289
2.0625 0.005178649879665633
2.125 0.004649737853650776
2.1875 0.004125121220873673
2.25 0.003628269776325108
2.3125 0.0032048488089707608
2.375 0.002742027176179865
2.4375 0.0024041084394636762
2.5 0.0
