0.0 6.693350660617106
0.0625 6.674235007972098
0.125 6.654064653426594
0.1875 6.614180055857062
0.25 6.545924959938309
0.3125 6.476569075168573
0.375 6.400256338214378
0.4375 6.292676739734273
0.5 6.189158118403619
0.5625 6.064982163271421
0.625 5.939200997838505
0.6875 5.797132826364475
0.75 5.633261138824351
0.8125 5.461042064686651
0.875 5.297425138145844
0.9375 5.114892506664054
1.0 4.923381876149242
1.0625 4.734463329181203
1.125 4.539220637441869
1.1875 4.326914402317174
1.25 4.1279781149957175
1.3125 3.927152346519206
1.375 3.7064777886131526
1.4375 3.5081184605812674
1.5 3.2882517387189525
1.5625 3.081019016091381
1.625 2.8874630702366555
1.6875 2.6756785544174506
1.75 2.481194864926383
1.8125 2.2867234969001773
1.875 2.103047850063947
1.9375 1.9196278146008123
2.0 1.746853469521647
2.0625 1.5874476283643835
2.125 1.4245100861289544
2.1875 1.272860083322188
2.25 1.1357770543540509
2.3125 1.0048293840697575
2.375 0.8832077959377449
2.4375 0.7706610602974067
2.5 0.0
