0.0 2.6802537292114857e-05
0.0625 2.6842066544414447e-05
0.125 2.664783852148198e-05
0.1875 2.6494527475933775e-05
0.25 2.636183107419173e-05
0.3125 2.60617400910194e-05
0.375 2.5821424466597646e-05
0.4375 2.547525654959383e-05
0.5 2.507227590526166e-05
0.5625 2.4638331445727516e-05
0.625 2.414456308034272e-05
0.6875 2.367951925106033e-05
0.75 2.309538370154579e-05
0.8125 2.2444345545517483e-05
0.875 2.1863644647433816e-05
0.9375 2.1198544559773796e-05
1.0 2.0544212389249697e-05
1.0625 1.9825070729773215e-05
1.125 1.910032825074839e-05
1.1875 1.8225991248260915e-05
1.25 1.7433387432700072e-05
1.3125 1.6674263083871498e-05
1.375 1.5797054724884585e-05
1.4375 1.499897861211042e-05
1.5 1.4140875476400146e-05
1.5625 1.3276655424238543e-05
1.625 1.2448508513640654e-05
1.6875 1.1548451664654159e-05
1.75 1.0783743092369259e-05
1.8125 9.918848600531223e-06
1.875 9.086696596338284e-06
1.9375 8.341352162944638e-06
2.0 7.601615564004061e-06
2.0625 6.768722883470602e-06
2.125 6.1492363753991895e-06
2.1875 5.5650408505916905e-06
2.25 4.841164537591858e-06
2.3125 4.253090413811455e-06
2.375 3.7311857037757995e-06
2.4375 3.2456814489641773e-06
2.5 0.0
