0.0 0.024094003734613463
0.0625 0.024082163521544908
0.125 0.023941763007377367
0.1875 0.02380887168200599
0.25 0.02356193678530055
0.3125 0.02340286515458452
0.375 0.023046029335525915
0.4375 0.022629279978796667
0.5 0.022226721549339534
0.5625 0.02174690947042403
0.625 0.021273116351713528
0.6875 0.02073877854659474
0.75 0.02019519476818971
0.8125 0.01951943918822212
0.875 0.018917121737170996
0.9375 0.01821669793560483
1.0 0.01747700310573523
1.0625 0.016779973291892913
1.125 0.016047305895186298
1.1875 0.015309175020443537
1.25 0.014525546908666725
1.3125 0.013735334781960352
1.375 0.012933938781208305
1.4375 0.012174560377111239
1.5 0.01139908370276287
1.5625 0.010622447642613006
1.625 0.009863171494059228
1.6875 0.009146246481823187
1.75 0.0084088420869012
1.8125 0.0076990775059700275
1.875 0.007034102730943681
1.9375 0.006400022692116095
2.0 0.0057594713259272855
2.0625 0.0051718811567821625
2.125 0.004643588617275377
2.1875 0.004119556180023081
2.25 0.003623428611787516
2.3125 0.0032005957185569493
2.375 0.002738295990476089
2.4375 0.002400862758014712
2.5 0.0
