0.0 1.7037421576694787
0.01 1.3827547584394624
0.02 0.9695987582005087
0.03 0.6155624293625531
0.04 0.2690758435302067
0.05 0.08825578157681602
0.06 0.006154033471071456
0.07 -0.02253132933524607
0.08 -0.02555821313453062
0.09 -0.022423992635489734
0.1 -0.019292978420389413
0.11 -0.018033890392114865
0.12 -0.014558007181465061
0.13 -0.013243668604537661
0.14 -0.010467346312087566
0.15 -0.00978122677499885
0.16 -0.007911800349772295
0.17 -0.008195119470941039
0.18 -0.0057365219396036836
0.19 -0.005078815694917091
0.2 -0.00464480853793907
0.21 -0.004257762078827107
0.22 -0.002705640311744476
0.23 -0.0028035246892447975
0.24 -0.002908927808431644
0.25 -0.0023291296644565025
0.26 -0.0020624853696210046
0.27 -0.0017019905174374815
0.28 -0.001828504618183964
0.29 -0.0014889876182886525
0.3 -0.0012189849046030626
0.31 -0.0012128174141760137
0.32 -0.001149682811200877
0.33 -0.000924311746012467
0.34 -0.000888049285030952
0.35 -0.000715464361474068
0.36 -0.0007094406065863056
0.37 -0.0006335198787942456
0.38 -0.00044690059406268036
0.39 -0.0005669271355577377
0.4 -0.0004822722132331153
0.41 -0.0006019522017632937
0.42 -0.00037963429478159904
0.43 -0.0002556461568209933
0.44 -0.0003488613523284208
0.45 -0.0003300810857790776
0.46 -0.00042076556390584354
0.47 -0.0002809536780214139
0.48 -0.00025789865219912506
0.49 -0.0002799250404398407
0.5 -0.0003211652394051427
0.51 -0.0002690831118829962
0.52 -0.0002036455945284707
0.53 -0.00033792257449632746
0.54 -0.0005023814736799175
0.55 -0.00022348716235883633
0.56 -0.0002334796176977189
0.5700000000000001 -0.0002677018356514137
0.58 -0.0001900913160213675
0.59 -0.000253417981978287
0.6 -0.0002518935124646497
0.61 -0.00023779426028694022
0.62 -0.00023853074250639844
0.63 -0.0002322199839038269
0.64 -0.0002524845059524252
0.65 -0.00018585257854983778
0.66 -0.00024453715135330307
0.67 -0.00019352870103498356
0.68 -0.0001881700389438743
0.6900000000000001 -0.0002035902149029834
0.7000000000000001 -0.00023564232393060962
0.71 -0.00018705228314992248
0.72 -0.0002022761185586508
0.73 -0.00034849430482771084
0.74 -0.0002632504933822272
0.75 -7.801990588586408e-05
0.76 -0.00020771683766492336
0.77 -0.00022078524328575846
0.78 -0.00023194573703193906
0.79 -0.0005315394075737406
0.8 -0.0001383722932772933
0.81 -0.00020183857252118576
0.8200000000000001 -0.00020570528215532754
0.8300000000000001 -0.00022874285478829162
0.84 -0.0004243163345189352
0.85 -0.0002091261501572502
0.86 -0.00025521096516530496
0.87 -0.0002260688648952753
0.88 -0.0001842609608662572
0.89 -0.00026397836513973073
0.9 -0.00029186098877104975
0.91 -0.00021859839146788786
0.92 -0.0002160756063525344
0.93 -0.0005301559267815855
0.9400000000000001 -0.00028174104941089265
0.9500000000000001 -0.0004051410446423529
0.96 -0.0002264835291669926
0.97 -0.00023681357797508687
0.98 -0.00020037115738557866
0.99 -0.00022624344228578167
1.0 0.0
