-1.0 0.00014330222649234437
-0.92 6.810267490655864e-05
-0.84 5.098331126252684e-05
-0.76 4.2913420861650144e-05
-0.6799999999999999 3.789673566750528e-05
-0.6 3.4439742199889994e-05
-0.52 3.173044553238428e-05
-0.4399999999999999 2.9504061056432897e-05
-0.36 2.8131722146107187e-05
-0.28 2.665984808714562e-05
-0.2 2.5374074443965367e-05
-0.12 2.4469460217396218e-05
-0.04000000000000004 2.355674583763672e-05
0.04000000000000004 2.2927049012401443e-05
0.1200000000000001 2.2160475549624068e-05
0.2 2.1674426217791044e-05
0.28 2.109101788549827e-05
0.3600000000000001 2.0630658318106907e-05
0.4399999999999999 2.0230579565801e-05
0.52 1.978951780474048e-05
0.6000000000000001 1.9479494061262287e-05
0.6799999999999999 1.917071008101185e-05
0.76 1.8789686187813827e-05
0.8400000000000001 1.8663581225134097e-05
0.9199999999999999 1.8446719461188992e-05
1.0 1.8142969097381976e-05
