-1.0 0.15147490411830408
-0.92 0.06970134829121696
-0.84 0.05220917078647583
-0.76 0.04372194809336049
-0.6799999999999999 0.03853450370812823
-0.6 0.03473921760835831
-0.52 0.03199687983486648
-0.4399999999999999 0.029695103143846654
-0.36 0.02800530726126311
-0.28 0.026512786355591893
-0.2 0.02534860094763073
-0.12 0.024217518258282906
-0.04000000000000004 0.02321373910773451
0.04000000000000004 0.02245967365931268
0.1200000000000001 0.021738131227270915
0.2 0.021117858631575764
0.28 0.020499522447806288
0.3600000000000001 0.01990510209033429
0.4399999999999999 0.019522744763138273
0.52 0.019108400566856854
0.6000000000000001 0.018627501363394333
0.6799999999999999 0.018268692197196016
0.76 0.017941957480355594
0.8400000000000001 0.017623905280475936
0.9199999999999999 0.017308677331253738
1.0 0.0171301740698008
