-1.0 23.352281514632203
-0.92 9.8486734742307
-0.84 7.553555499872209
-0.76 6.387771444306788
-0.6799999999999999 5.677782179003734
-0.6 5.190228716661797
-0.52 4.838087733624497
-0.4399999999999999 4.564923896641451
-0.36 4.361739170954479
-0.28 4.197837697028048
-0.2 4.068850513731769
-0.12 3.9724576382151735
-0.04000000000000004 3.8932360670398847
0.04000000000000004 3.8458764355075066
0.1200000000000001 3.799626046729651
0.2 3.7704723154186914
0.28 3.7562775823350885
0.3600000000000001 3.744878082823171
0.4399999999999999 3.7295698546328078
0.52 3.703558380258648
0.6000000000000001 3.634338042277769
0.6799999999999999 3.4809673574886193
0.76 3.08956990128815
0.8400000000000001 2.0617947140592774
0.9199999999999999 0.18753040442412539
1.0 0.0
