-1.0 0.15161820634479642
-0.92 0.06976945096612353
-0.84 0.052260154097738355
-0.76 0.04376486151422214
-0.6799999999999999 0.038572400443795736
-0.6 0.0347736573505582
-0.52 0.03202861028039886
-0.4399999999999999 0.029724607204903088
-0.36 0.028033438983409216
-0.28 0.026539446203679037
-0.2 0.025373975022074696
-0.12 0.0242419877185003
-0.04000000000000004 0.023237295853572145
0.04000000000000004 0.02248260070832508
0.1200000000000001 0.02176029170282054
0.2 0.021139533057793553
0.28 0.020520613465691787
0.3600000000000001 0.019925732748652395
0.4399999999999999 0.019542975342704074
0.52 0.019128190084661593
0.6000000000000001 0.018646980857455597
0.6799999999999999 0.018287862907277026
0.76 0.017960747166543407
0.8400000000000001 0.01764256886170107
0.9199999999999999 0.017327124050714928
1.0 0.01714831703889818
