-1.0 0.24091767648099865
-0.92 0.10011079701246582
-0.84 0.0780863276854013
-0.76 0.06088444145726567
-0.6799999999999999 0.05215463626661502
-0.6 0.04733940045792248
-0.52 0.0458851775014032
-0.4399999999999999 0.045224558100562466
-0.36 0.04167244979757225
-0.28 0.03353440895939082
-0.2 0.03377560521971293
-0.12 0.03277598871150019
-0.04000000000000004 0.030764470021056544
0.04000000000000004 0.031209896354159057
0.1200000000000001 0.031140781807541255
0.2 0.02953238679868563
0.28 0.027465858185807667
0.3600000000000001 0.02712043754847379
0.4399999999999999 0.02547482218128252
0.52 0.027273083162704572
0.6000000000000001 0.023074099797162573
0.6799999999999999 0.02549390030785319
0.76 0.025750093639755497
0.8400000000000001 0.02455479697839719
0.9199999999999999 0.021393673923787253
1.0 0.024472290945252342
