0.0 0.0
1.0 0.0
2.0 0.0
3.0 0.0
4.0 0.0
5.0 0.0
6.0 0.0
7.0 0.0
8.0 0.0
9.0 0.0
10.0 0.0
11.0 0.0
12.0 2.6109668551318056e-05
13.0 0.003218075523995516
14.0 0.02138746882851643
15.0 0.05954176977513177
16.0 0.11392347274570372
17.0 0.1765264550371749
18.0 0.23648162004521664
19.0 0.29026644088448555
20.0 0.33328816311692333
21.0 0.3661865983201713
22.0 0.38959066770667383
23.0 0.4025801309711087
24.0 0.40845421532902054
25.0 0.40744795566528735
26.0 0.4014270445681346
27.0 0.39102128868160424
28.0 0.37803011746381493
29.0 0.3628934908266597
30.0 0.34590949332265597
31.0 0.3295916436201216
32.0 0.3116812528230086
33.0 0.2940300818356749
34.0 0.27606022424978244
35.0 0.25905731426622913
36.0 0.242866663558921
37.0 0.22708992350812604
38.0 0.21243428740317252
39.0 0.19791509813678063
40.0 0.18478655402660207
41.0 0.1720872173105788
42.0 0.16034425155570398
43.0 0.14890859513324406
44.0 0.13842096663794726
45.0 0.12909899431819374
46.0 0.11970656875091362
47.0 0.11154810526263098
48.0 0.10341087580190306
49.0 0.09631657006942575
50.0 0.08981129695817892
51.0 0.08331282744171425
52.0 0.0777694290436625
53.0 0.07214588804663774
54.0 0.06732618525532334
55.0 0.062459654114201506
56.0 0.05798152798201176
57.0 0.05401849259512782
58.0 0.049979386812293906
59.0 0.04669836635059452
60.0 0.043525825687118415
61.0 0.040583125306254145
62.0 0.03774297684458229
63.0 0.03512054634357109
64.0 0.03288054775182026
65.0 0.030576771444969404
66.0 0.02869940028403328
67.0 0.026760606735731465
68.0 0.024894600131301015
69.0 0.02324888365838192
70.0 0.021820560593442534
71.0 0.02029848914291645
72.0 0.018900594556333375
73.0 0.017615746798212605
74.0 0.01639886733727249
75.0 0.015447730315806627
76.0 0.014457685444814251
77.0 0.01354498480435913
78.0 0.012718606222135302
79.0 0.011827680380248203
80.0 0.011136864388504433
81.0 0.010365990104614052
82.0 0.009777083472665607
83.0 0.009147710902201176
84.0 0.008532128430973032
85.0 0.008003214282577874
86.0 0.0074786142555265285
87.0 0.007084984173853608
88.0 0.006623633361226112
89.0 0.00616781095977271
90.0 0.005901057682768662
91.0 0.0054817466401174695
92.0 0.005125193129580711
93.0 0.004780636657100629
94.0 0.0044832657133401215
95.0 0.004235653410915376
96.0 0.004000832231218095
97.0 0.003811842437854422
98.0 0.0035983069388081145
99.0 0.003317498941620878
100.0 0.0031259232483830945
101.0 0.0029505246132520697
102.0 0.002791462309366702
103.0 0.002633519239472963
104.0 0.002461634201971409
105.0 0.0023518274351787393
106.0 0.002180544445752645
107.0 0.0020473382951069017
108.0 0.0019355763680104989
109.0 0.001824490489479808
110.0 0.001702175456528586
111.0 0.0016248583830532305
112.0 0.0015565226497864235
113.0 0.0014475470998595759
114.0 0.0013713856849261344
115.0 0.0013037643746194316
116.0 0.001241782433359091
117.0 0.0011282151376753836
118.0 0.0010380669230147172
119.0 0.0010334872052968952
120.0 0.0009686149488825149
121.0 0.0009053774214116241
122.0 0.0008915793627815795
123.0 0.0008206355905662007
124.0 0.0007430253905562818
125.0 0.0007341421051049211
126.0 0.0006958909340074574
127.0 0.0006100947701880202
128.0 0.0006046555947267351
129.0 0.0005588255657657131
130.0 0.0005537028635568441
131.0 0.0005150330601498874
132.0 0.0004868153911171085
133.0 0.00045626501208798537
134.0 0.00043787811983475957
135.0 0.000431523824856719
136.0 0.0003818017218952972
137.0 0.00037629417304165343
138.0 0.00034424921469753745
139.0 0.00032181864990571185
140.0 0.0
