0.0 0.0
1.0 0.0
2.0 0.0
3.0 0.0
4.0 0.0
5.0 0.0
6.0 0.0
7.0 0.0
8.0 0.0
9.0 0.0
10.0 0.0
11.0 0.0
12.0 2.1174595785950251e-07
13.0 8.994417379299112e-06
14.0 6.179718578066795e-05
15.0 0.0001812875309376046
16.0 0.0003629453862097216
17.0 0.0005742962461029942
18.0 0.0007900408443791062
19.0 0.0009860519757559916
20.0 0.0011512446309976728
21.0 0.0012795831814523585
22.0 0.0013741788806853142
23.0 0.0014274281020550533
24.0 0.0014580680998915
25.0 0.0014593558937182971
26.0 0.0014453144540613784
27.0 0.0014091641214238233
28.0 0.001364254382674637
29.0 0.001309588656330944
30.0 0.0012553122999046772
31.0 0.0011903932893503062
32.0 0.0011269227638633361
33.0 0.0010616490287084052
34.0 0.0009980817837093312
35.0 0.0009359128396222541
36.0 0.0008740706074460518
37.0 0.0008179769642209512
38.0 0.0007632632175644377
39.0 0.0007111565010105095
40.0 0.0006621926985725076
41.0 0.000615535204468112
42.0 0.0005721731948459515
43.0 0.0005317653537364044
44.0 0.0004924218239482427
45.0 0.00045640136752495307
46.0 0.0004257763103142646
47.0 0.0003947006216239062
48.0 0.0003664801327216859
49.0 0.000339700085584643
50.0 0.000316132792445676
51.0 0.00029315160452852117
52.0 0.0002711906353915539
53.0 0.00025241441545893306
54.0 0.0002340450738430059
55.0 0.00021865480236878712
56.0 0.00020240976321157168
57.0 0.00018777931506848875
58.0 0.00017416572310324788
59.0 0.0001623260816645141
60.0 0.00015086073381861227
61.0 0.00014112948142030855
62.0 0.00013065508047240896
63.0 0.00012142651915634233
64.0 0.00011334792073392808
65.0 0.0001048453626081143
66.0 9.849052768596998e-05
67.0 9.165788626328435e-05
68.0 8.491290810072335e-05
69.0 7.885541248754375e-05
70.0 7.397804596828928e-05
71.0 6.930889614891521e-05
72.0 6.47100038927411e-05
73.0 5.9993302540121644e-05
74.0 5.606862120838203e-05
75.0 5.1338613962083934e-05
76.0 4.875268743071267e-05
77.0 4.531255554128131e-05
78.0 4.19417537693094e-05
79.0 3.995897434552876e-05
80.0 3.746044724619492e-05
81.0 3.4745582427233755e-05
82.0 3.304688117643089e-05
83.0 3.078689344350819e-05
84.0 2.8889433084255867e-05
85.0 2.6726830568391087e-05
86.0 2.5148892302141464e-05
87.0 2.3537090028962955e-05
88.0 2.1979895029521777e-05
89.0 2.076462083529114e-05
90.0 1.967751995673415e-05
91.0 1.824485809819551e-05
92.0 1.70235274281644e-05
93.0 1.622630835760398e-05
94.0 1.4912064031913295e-05
95.0 1.4179833209862897e-05
96.0 1.3159706692359649e-05
97.0 1.237742761896812e-05
98.0 1.1766445287558446e-05
99.0 1.072567610994837e-05
100.0 1.0454330285857436e-05
101.0 9.7476859601849e-06
102.0 9.109377746878564e-06
103.0 8.49578981742185e-06
104.0 7.975731105798649e-06
105.0 7.647804298801058e-06
106.0 7.157672702727336e-06
107.0 6.937869973856568e-06
108.0 6.446831118141537e-06
109.0 5.750418079295353e-06
110.0 6.096302951405299e-06
111.0 5.3026639533088545e-06
112.0 5.096323452893294e-06
113.0 4.536463603570533e-06
114.0 4.395849059241407e-06
115.0 4.182103268001228e-06
116.0 4.051327194281049e-06
117.0 3.71489966542484e-06
118.0 3.807962023755315e-06
119.0 3.379744640564368e-06
120.0 2.99310568312822e-06
121.0 3.0850302807287883e-06
122.0 2.808754881878416e-06
123.0 2.7344362528408164e-06
124.0 2.466522242261116e-06
125.0 2.3450219910260825e-06
126.0 2.1790481225167673e-06
127.0 2.241145117887271e-06
128.0 1.8739018629887398e-06
129.0 1.8401947756645022e-06
130.0 1.7768691136989254e-06
131.0 1.725117629342986e-06
132.0 1.5962039799419794e-06
133.0 1.392648672930061e-06
134.0 1.4353833530678983e-06
135.0 1.2423699819190464e-06
136.0 1.28095362632423e-06
137.0 1.2850078983788296e-06
138.0 1.1442241144316262e-06
139.0 1.3218068122428976e-06
140.0 0.0
