0.0 0.0
1.0 0.0
2.0 0.0
3.0 0.0
4.0 0.0
5.0 0.0
6.0 0.0
7.0 0.0
8.0 0.0
9.0 0.0
10.0 0.0
11.0 0.0
12.0 2.3500148471058414e-08
13.0 2.883287844162335e-05
14.0 9.774582129841061e-05
15.0 0.00033299724576660804
16.0 0.0004925354458654578
17.0 0.000955977985292905
18.0 0.001016240812054998
19.0 0.0012025433983159145
20.0 0.0013954417549974121
21.0 0.001522371264892993
22.0 0.0017632133890723488
23.0 0.001652604915437618
24.0 0.002143941129820992
25.0 0.0017244786139839758
26.0 0.001718103446737896
27.0 0.0016037823730158036
28.0 0.0015982422338441673
29.0 0.0015777515496873484
30.0 0.0015208248933733343
31.0 0.0014994786432828441
32.0 0.0013906818918489293
33.0 0.0013350683432317352
34.0 0.0012855024758711858
35.0 0.001240237674703896
36.0 0.001108636862634929
37.0 0.00107381787345283
38.0 0.0009769853921915972
39.0 0.0009988784258829779
40.0 0.0008953946654446248
41.0 0.0008315139048876585
42.0 0.0007949660642051391
43.0 0.0007134809216659587
44.0 0.0007017475245472968
45.0 0.0007785854573888509
46.0 0.0006924260135322334
47.0 0.000635931001064047
48.0 0.0005105105692061552
49.0 0.000467389111877909
50.0 0.0004926781031762789
51.0 0.0004280599432230661
52.0 0.0004457573861139918
53.0 0.0003670082674401714
54.0 0.00032715178196543666
55.0 0.00036223824095183723
56.0 0.000307931482128526
57.0 0.00029888336868404077
58.0 0.00031446014841069467
59.0 0.00029586874850083333
60.0 0.00023489921905775653
61.0 0.0001966232370125033
62.0 0.000199304817293178
63.0 0.00018528404077169545
64.0 0.0001656178477752825
65.0 0.00025570720877428457
66.0 0.00018908693543932063
67.0 0.00014876357816506907
68.0 0.00014531223722802532
69.0 0.00013192599212605353
70.0 0.00010971235774030995
71.0 0.0001270187489277714
72.0 0.00011393850514778979
73.0 9.948376663414458e-05
74.0 0.0001382226988468617
75.0 8.94166694145474e-05
76.0 7.642552008134943e-05
77.0 9.632154542484876e-05
78.0 7.221374896106535e-05
79.0 6.500525014276596e-05
80.0 7.394001567943209e-05
81.0 6.253144582355685e-05
82.0 5.927509854667934e-05
83.0 6.621174092658822e-05
84.0 4.606639988392009e-05
85.0 4.959002041751211e-05
86.0 4.7265070945801875e-05
87.0 4.753418979072513e-05
88.0 4.1778488024813526e-05
89.0 3.859381124215675e-05
90.0 5.6353441563957505e-05
91.0 3.564292706376181e-05
92.0 3.1233714896781486e-05
93.0 2.9279945983508007e-05
94.0 2.9107853993105498e-05
95.0 2.8458235086984328e-05
96.0 2.6664163347706947e-05
97.0 1.848807059204059e-05
98.0 2.0319289736986427e-05
99.0 1.897275438334903e-05
100.0 1.542377492830364e-05
101.0 1.6946964429602484e-05
102.0 2.369157369723472e-05
103.0 1.302344222839375e-05
104.0 5.596555774983191e-05
105.0 1.2872998957789401e-05
106.0 1.366335702961155e-05
107.0 1.3965190939843547e-05
108.0 1.355075642154586e-05
109.0 1.307870143129052e-05
110.0 1.213281577272135e-05
111.0 1.0479551252644605e-05
112.0 6.0122943038444455e-06
113.0 5.904892711221976e-06
114.0 9.151197830336779e-06
115.0 1.3340010448843386e-05
116.0 6.285488398160365e-06
117.0 8.290478305936442e-06
118.0 5.457437168379137e-06
119.0 6.460623093779633e-06
120.0 1.0659448146158321e-05
121.0 1.1930499524907387e-05
122.0 1.1315879179215838e-05
123.0 4.042901247308113e-06
124.0 6.0781962628223384e-06
125.0 3.514795440938388e-06
126.0 4.194018101344944e-06
127.0 2.6830780594975017e-06
128.0 2.280869316648392e-06
129.0 3.677585290022703e-06
130.0 3.850871849623657e-06
131.0 2.207986602720553e-06
132.0 7.350299687702262e-06
133.0 3.2427481794195776e-06
134.0 2.145882425874474e-06
135.0 2.423918285721059e-06
136.0 2.8597432454788624e-06
137.0 5.963098607183407e-06
138.0 1.6869945089706162e-06
139.0 5.822950906221717e-06
140.0 0.0
