0.0 0.0
1.0 0.0
2.0 0.0
3.0 0.0
4.0 0.0
5.0 0.0
6.0 0.0
7.0 0.0
8.0 0.0
9.0 0.0
10.0 0.0
11.0 0.0
12.0 3.241081148043165e-09
13.0 1.8201372937148054e-07
14.0 8.756410526546962e-07
15.0 1.9124394782455226e-06
16.0 2.873415961055657e-06
17.0 3.481905058807815e-06
18.0 3.746187186663265e-06
19.0 3.720501042723192e-06
20.0 3.505222895808048e-06
21.0 3.1768735908819486e-06
22.0 2.814249939530575e-06
23.0 2.4438020885418247e-06
24.0 2.094718705720753e-06
25.0 1.782001843292293e-06
26.0 1.5002659811284822e-06
27.0 1.2657854780340277e-06
28.0 1.0574745966369226e-06
29.0 8.847909579128327e-07
30.0 7.380416918210265e-07
31.0 6.155179184744226e-07
32.0 5.131598665202161e-07
33.0 4.307939489440767e-07
34.0 3.5723945184578575e-07
35.0 3.001890189095361e-07
36.0 2.5154486293244203e-07
37.0 2.1238337076557717e-07
38.0 1.780664539480299e-07
39.0 1.4987585146628722e-07
40.0 1.282171589357612e-07
41.0 1.0711862665636357e-07
42.0 8.969876633274259e-08
43.0 7.69310013067244e-08
44.0 6.567743292376035e-08
45.0 5.561909140756035e-08
46.0 4.735218803649876e-08
47.0 4.0802316102040847e-08
48.0 3.531121565300234e-08
49.0 2.9506670555165962e-08
50.0 2.5071609543467306e-08
51.0 2.1358874741329395e-08
52.0 1.86581175173599e-08
53.0 1.6087294915508138e-08
54.0 1.3792885179675398e-08
55.0 1.204893598205878e-08
56.0 1.0314564871093704e-08
57.0 9.049940079826058e-09
58.0 7.770302087719498e-09
59.0 6.741836262215841e-09
60.0 5.996562158927227e-09
61.0 5.131780082919462e-09
62.0 4.5634537052024515e-09
63.0 3.9334625421617215e-09
64.0 3.453917422637837e-09
65.0 3.0289398220387278e-09
66.0 2.625699579138656e-09
67.0 2.390136663209605e-09
68.0 2.046598818768264e-09
69.0 1.835837477069966e-09
70.0 1.5856253208053948e-09
71.0 1.4092677508928196e-09
72.0 1.2575674379163558e-09
73.0 1.0788797137388039e-09
74.0 1.002977433472412e-09
75.0 8.420128507188584e-10
76.0 7.882499692927622e-10
77.0 6.581384194906377e-10
78.0 5.814406872348372e-10
79.0 5.339515902648194e-10
80.0 5.18952430869233e-10
81.0 4.3859418097570114e-10
82.0 3.6727453978817106e-10
83.0 3.3195458538878453e-10
84.0 3.100357442960394e-10
85.0 2.858892721968242e-10
86.0 2.3240105116888475e-10
87.0 2.101506304801256e-10
88.0 2.01702222601449e-10
89.0 1.7116906826581391e-10
90.0 1.6271373774473586e-10
91.0 1.4489240591433553e-10
92.0 1.2807241270800322e-10
93.0 1.1870397152196277e-10
94.0 1.0212677739677495e-10
95.0 9.821453975791101e-11
96.0 8.17865622856865e-11
97.0 8.203775585330162e-11
98.0 7.331512757746971e-11
99.0 8.440346419751845e-11
100.0 5.751695880736576e-11
101.0 5.5456066326827486e-11
102.0 4.6622143529774013e-11
103.0 4.620430052663287e-11
104.0 3.782810710651523e-11
105.0 3.374447683765547e-11
106.0 3.066731055719381e-11
107.0 2.5911369897722882e-11
108.0 2.3548069738790282e-11
109.0 2.141955886432851e-11
110.0 2.1855322090232125e-11
111.0 1.932401810377233e-11
112.0 1.540234037247426e-11
113.0 1.4125431684035429e-11
114.0 2.7598134334421692e-11
115.0 1.5635912201571475e-11
116.0 1.0755099070982015e-11
117.0 1.218097737155205e-11
118.0 1.1169020509599625e-11
119.0 8.996243821982403e-12
120.0 8.878304435446618e-12
121.0 6.479420830863471e-12
122.0 7.059794089642558e-12
123.0 5.792182270613801e-12
124.0 5.513762701202426e-12
125.0 5.44904088144536e-12
126.0 7.430873973008417e-12
127.0 4.237110595647578e-12
128.0 4.009376577419039e-12
129.0 3.7511641593721946e-12
130.0 3.2513136551177223e-12
131.0 3.824969414407213e-12
132.0 2.354421955076779e-12
133.0 2.3660320701438946e-12
134.0 1.970052260146913e-12
135.0 2.0553916909424332e-12
136.0 2.4580118095735814e-12
137.0 2.7660469825469546e-12
138.0 1.6461419588361905e-12
139.0 1.4656366910340091e-12
140.0 0.0
