0.0 0.0
1.0 0.0
2.0 0.0
3.0 0.0
4.0 0.0
5.0 0.0
6.0 0.0
7.0 0.0
8.0 0.0
9.0 0.0
10.0 0.0
11.0 0.0
12.0 2.0850487671145934e-07
13.0 8.812403649927632e-06
14.0 6.0921544728013254e-05
15.0 0.00017937509145935906
16.0 0.0003600719702486659
17.0 0.0005708143410441864
18.0 0.0007862946571924429
19.0 0.0009823314747132684
20.0 0.0011477394081018646
21.0 0.0012764063078614767
22.0 0.0013713646307457836
23.0 0.0014249842999665115
24.0 0.0014559733811857793
25.0 0.0014575738918750048
26.0 0.00144381418808025
27.0 0.0014078983359457893
28.0 0.001363196908078
29.0 0.001308703865373031
30.0 0.001254574258212856
31.0 0.0011897777714318318
32.0 0.001126409603996816
33.0 0.001061218234759461
34.0 0.0009977245442574854
35.0 0.0009356126506033446
36.0 0.0008738190625831193
37.0 0.0008177645808501857
38.0 0.0007630851511104897
39.0 0.0007110066251590432
40.0 0.0006620644814135718
41.0 0.0006154280858414556
42.0 0.0005720834960796187
43.0 0.0005316884227350977
44.0 0.000492356146515319
45.0 0.0004563457484335455
46.0 0.00042572895812622815
47.0 0.00039465981930780417
48.0 0.00036644482150603285
49.0 0.00033967057891408787
50.0 0.0003161077208361325
51.0 0.0002931302456537798
52.0 0.00027117197727403655
53.0 0.00025239832816401753
54.0 0.00023403128095782623
55.0 0.00021864275343280506
56.0 0.0002023994486467006
57.0 0.00018777026512840892
58.0 0.00017415795280116016
59.0 0.00016231933982825187
60.0 0.00015085473725645333
61.0 0.00014112434964022564
62.0 0.00013065051701870376
63.0 0.00012142258569380017
64.0 0.00011334446681650543
65.0 0.00010484233366829227
66.0 9.848790198639085e-05
67.0 9.165549612662114e-05
68.0 8.491086150190459e-05
69.0 7.885357665006667e-05
70.0 7.397646034296847e-05
71.0 6.930748688116432e-05
72.0 6.470874632530318e-05
73.0 5.999222366040791e-05
74.0 5.6067618230948555e-05
75.0 5.1337771949233214e-05
76.0 4.875189918074338e-05
77.0 4.531189740286182e-05
78.0 4.194117232862216e-05
79.0 3.995844039393849e-05
80.0 3.745992829376405e-05
81.0 3.474514383305278e-05
82.0 3.30465139018911e-05
83.0 3.07865614889228e-05
84.0 2.888912304851157e-05
85.0 2.672654467911889e-05
86.0 2.5148659901090295e-05
87.0 2.3536879878332476e-05
88.0 2.1979693327299175e-05
89.0 2.0764449666222873e-05
90.0 1.9677357242996407e-05
91.0 1.8244713205789596e-05
92.0 1.702339935575169e-05
93.0 1.622618965363246e-05
94.0 1.4911961905135898e-05
95.0 1.417973499532314e-05
96.0 1.3159624905797363e-05
97.0 1.2377345581212267e-05
98.0 1.1766371972430868e-05
99.0 1.0725591706484172e-05
100.0 1.0454272768898628e-05
101.0 9.747630504118572e-06
102.0 9.109331124735033e-06
103.0 8.495743613121324e-06
104.0 7.975693277691542e-06
105.0 7.64777055432422e-06
106.0 7.157642035416778e-06
107.0 6.93784406248667e-06
108.0 6.446807570071798e-06
109.0 5.750396659736488e-06
110.0 6.096281096083209e-06
111.0 5.302644629290751e-06
112.0 5.096308050552922e-06
113.0 4.5364494781388495e-06
114.0 4.395821461107072e-06
115.0 4.182087632089027e-06
116.0 4.051316439181978e-06
117.0 3.7148874844474686e-06
118.0 3.8079508547348053e-06
119.0 3.379735644320546e-06
120.0 2.993096804823785e-06
121.0 3.0850238013079574e-06
122.0 2.8087478220843267e-06
123.0 2.7344304606585457e-06
124.0 2.466516728498415e-06
125.0 2.345016541985201e-06
126.0 2.1790406916427944e-06
127.0 2.241140880776675e-06
128.0 1.8738978536121625e-06
129.0 1.8401910245003428e-06
130.0 1.7768658623852703e-06
131.0 1.7251138043735715e-06
132.0 1.5962016255200244e-06
133.0 1.392646306897991e-06
134.0 1.435381383015638e-06
135.0 1.2423679265273556e-06
136.0 1.2809511683124205e-06
137.0 1.2850051323318471e-06
138.0 1.1442224682896674e-06
139.0 1.3218053466062066e-06
140.0 0.0
