6.0 0.013699169669666316
6.5 0.012535881459339352
7.0 0.009909783851473812
7.5 0.008409263055402455
8.0 0.007031280689906327
8.5 0.006148266021174246
9.0 0.004764483131072934
9.5 0.00403195068699778
10.0 0.0052798875009164095
10.5 0.0033279327140969452
11.0 0.002797460253543557
11.5 0.002281257242514413
12.0 0.0018778782122360483
12.5 0.0018233601374876708
13.0 0.0015531671686794797
13.5 0.0011061670358607535
14.0 0.0013964807934397055
14.5 0.0005884973931514857
15.0 0.001180215132620047
15.5 0.0005079805387871928
16.0 0.0007533314505673031
16.5 0.0005704154851418395
17.0 0.00045893849352808406
17.5 0.0004075194380865416
18.0 0.0004130346524131283
18.5 0.0004339512081232834
19.0 0.0002537076050252694
19.5 0.00020720618895523577
20.0 0.00017279551993534757
20.5 0.0002470490182603013
21.0 0.00019516064506791566
21.5 0.00014436765572212263
22.0 0.00016405994664323871
22.5 0.00011987110979476438
23.0 0.00010628252527329549
23.5 8.955934765276072e-05
24.0 7.250070409345372e-05
24.5 5.7915037383090395e-05
25.0 8.721009707087453e-05
25.5 7.376141584073371e-05
26.0 0.0
