6.0 0.01088055440341563
6.5 0.009428318781822015
7.0 0.008056649132877744
7.5 0.006811205600502551
8.0 0.0057261914594650305
8.5 0.0047991378344919905
9.0 0.00401356712112343
9.5 0.0033434829210935188
10.0 0.0027984886582214912
10.5 0.0023442256062161295
11.0 0.0019631243519629762
11.5 0.0016496202879642836
12.0 0.0013914903733982455
12.5 0.0011758256541937128
13.0 0.0009940523797381162
13.5 0.000844193378954243
14.0 0.0007184626901993723
14.5 0.0006127298234957032
15.0 0.0005245930550294969
15.5 0.00044878761467323296
16.0 0.00038712605117742184
16.5 0.0003315474164396835
17.0 0.00028577683475053357
17.5 0.0002484427851728204
18.0 0.00021465578775358817
18.5 0.0001871501482552597
19.0 0.0001629240855094604
19.5 0.0001419313814065575
20.0 0.00012481252965180993
20.5 0.0001084331209887417
21.0 9.546765003791466e-05
21.5 8.432858116024173e-05
22.0 7.381876592481018e-05
22.5 6.468700916770013e-05
23.0 5.721691152589555e-05
23.5 5.112167531699528e-05
24.0 4.4865967657262165e-05
24.5 3.986342198924937e-05
25.0 3.5496055912074816e-05
25.5 3.149245843437597e-05
26.0 0.0
