6.0 0.010903706435070376
6.5 0.009445865905099927
7.0 0.008069399087910904
7.5 0.006820230439396923
8.0 0.0057324972200279425
8.5 0.004803536547441736
9.0 0.004016634159134502
9.5 0.0033456308111998504
10.0 0.0027999988843801027
10.5 0.0023452963611318373
11.0 0.0019638897360972907
11.5 0.001650172168188656
12.0 0.0013918892268657231
12.5 0.001176117629700413
13.0 0.0009942671931491747
13.5 0.0008443529877123198
14.0 0.0007185819287655715
14.5 0.0006128191957757038
15.0 0.0005246606629565112
15.5 0.00044883934091380145
16.0 0.0003871653736797852
16.5 0.00033157756075673803
17.0 0.00028580053652108267
17.5 0.0002484611989455887
18.0 0.00021467006811766697
18.5 0.00018716145471947405
19.0 0.0001629329685469708
19.5 0.0001419384481116782
20.0 0.00012481821386937396
20.5 0.00010843756972887465
21.0 9.547127741701482e-05
21.5 8.433148596266323e-05
22.0 7.38211212292e-05
22.5 6.468889827652365e-05
23.0 5.7218498666377234e-05
23.5 5.1122938475247434e-05
24.0 4.486700904671568e-05
24.5 3.986429243967463e-05
25.0 3.549676901630314e-05
25.5 3.149306010493349e-05
26.0 0.0
