6.0 3.112659605652326
6.5 2.708243101299894
7.0 2.3180169814185585
7.5 1.9582073100284754
8.0 1.6414723579860162
8.5 1.3661842262113184
9.0 1.1374349122261787
9.5 0.9457665328579467
10.0 0.7859692751183226
10.5 0.655996918743578
11.0 0.5478466030208003
11.5 0.4579260933739604
12.0 0.3838949838903239
12.5 0.3233749385872594
13.0 0.2723127100705491
13.5 0.22999786068221673
14.0 0.19522102123047175
14.5 0.1661960580940299
15.0 0.1410341102844556
15.5 0.12098199073960712
16.0 0.10341058977608475
16.5 0.0889620179496571
17.0 0.07659683715455576
17.5 0.06610471164199204
18.0 0.05715936501203722
18.5 0.04953658631703159
19.0 0.04298667811622768
19.5 0.03737827668765519
20.0 0.032665827428888974
20.5 0.028625331671044807
21.0 0.024976351369676783
21.5 0.02193402164296327
22.0 0.019256917942087216
22.5 0.01695032690531785
23.0 0.014894233565650443
23.5 0.013166445231912408
24.0 0.011630902397515172
24.5 0.010349808084379929
25.0 0.009146194560422576
25.5 0.008147123153023829
26.0 0.0
