6.0 2.3152031654746544e-05
6.5 1.7547123277911855e-05
7.0 1.2749955033160402e-05
7.5 9.02483889437258e-06
8.0 6.305760562912146e-06
8.5 4.398712949745043e-06
9.0 3.0670380110728033e-06
9.5 2.147890106331479e-06
10.0 1.5102261586114208e-06
10.5 1.070754915707883e-06
11.0 7.653841343144599e-07
11.5 5.518802243725343e-07
12.0 3.9885346747769617e-07
12.5 2.919755067002376e-07
13.0 2.1481341105835606e-07
13.5 1.5960875807679588e-07
14.0 1.1923856619924228e-07
14.5 8.937228000062312e-08
15.0 6.760792701441607e-08
15.5 5.172624056850271e-08
16.0 3.932250236339229e-08
16.5 3.014431705456323e-08
17.0 2.3701770549112212e-08
17.5 1.8413772768286043e-08
18.0 1.4280364078794965e-08
18.5 1.1306464214343591e-08
19.0 8.883037510405632e-09
19.5 7.066705120691101e-09
20.0 5.684217564044909e-09
20.5 4.448740132955632e-09
21.0 3.6273791001664834e-09
21.5 2.904802421504906e-09
22.0 2.3553043898168476e-09
22.5 1.8891088235332706e-09
23.0 1.5871404816827577e-09
23.5 1.2631582521598402e-09
24.0 1.0413894535144661e-09
24.5 8.70450425258004e-10
25.0 7.13104228321713e-10
25.5 6.01670557525108e-10
26.0 0.0
