-1000.0 -1.1902583083148505e-05
-980.0 -1.2791653623079895e-05
-960.0 2.241854068494127e-05
-940.0 2.4936680651320523e-05
-920.0 3.3765770198005755e-06
-900.0 1.405876978177427e-05
-880.0 1.0659538746737164e-05
-860.0 -1.9877293529164126e-05
-840.0 -6.887299650841616e-06
-820.0 3.924988315567044e-05
-800.0 2.091005003011498e-05
-780.0 1.2111305228157597e-05
-760.0 -6.305026669700246e-06
-740.0 4.7910224348833395e-06
-720.0 2.0935598315258203e-05
-700.0 3.128448010892851e-05
-680.0 -3.142616642941325e-05
-660.0 5.8233636181192134e-05
-640.0 1.0524010286079795e-05
-620.0 5.919736925492211e-05
-600.0 2.0328894359198187e-05
-580.0 2.674709298536313e-05
-560.0 2.5906911119559013e-05
-540.0 3.681802123402655e-05
-520.0 3.2901275613187826e-05
-500.0 2.98283266452847e-05
-480.0 1.874074387233498e-05
-460.0 6.431961140672583e-05
-440.0 3.703663342038864e-05
-420.0 4.4523319658780356e-05
-400.0 7.190156948281735e-05
-380.0 5.6346586627555024e-05
-360.0 4.108350301761836e-05
-340.0 9.448260779946292e-05
-320.0 5.348484361728564e-05
-300.0 9.197973546207893e-05
-280.0 0.00011291150596833772
-260.0 0.00011840056629567346
-240.0 9.679852417740327e-05
-220.0 0.00012817285105555038
-200.0 0.00014385563055319936
-180.0 6.65848873863293e-05
-160.0 0.00019805767243646373
-140.0 0.00017295503234729222
-120.0 0.00014557197437140755
-100.0 8.728833359932797e-05
-80.0 6.191522093027366e-05
-60.0 1.3866676011334727e-05
-40.0 1.6038692157401163e-06
-20.0 3.651795702527436e-07
0.0 0.0
