-1000.0 2.162989436958706e-09
-980.0 2.318929868758859e-09
-960.0 2.5084103971996584e-09
-940.0 2.721925385389678e-09
-920.0 2.8573170063311263e-09
-900.0 3.095394194762422e-09
-880.0 3.3576027100108406e-09
-860.0 3.660038826865055e-09
-840.0 3.947123099305769e-09
-820.0 4.281816559681787e-09
-800.0 4.667568170147962e-09
-780.0 5.049777036404616e-09
-760.0 5.443338893954968e-09
-740.0 6.026413228160504e-09
-720.0 6.58737652953603e-09
-700.0 7.227645342769918e-09
-680.0 7.956066285349592e-09
-660.0 8.736369127945466e-09
-640.0 9.567146605579834e-09
-620.0 1.0600344520293283e-08
-600.0 1.1772830234260388e-08
-580.0 1.2967566871054642e-08
-560.0 1.436054830950205e-08
-540.0 1.6146231910232347e-08
-520.0 1.7985708885621018e-08
-500.0 2.0155940186756365e-08
-480.0 2.2556839278676404e-08
-460.0 2.5466852422057438e-08
-440.0 2.8752025937524885e-08
-420.0 3.239202225389803e-08
-400.0 3.6911655423652355e-08
-380.0 4.2174702671289946e-08
-360.0 4.8158058695678204e-08
-340.0 5.516411531967198e-08
-320.0 6.328496699890276e-08
-300.0 7.300580564540053e-08
-280.0 8.406051822072877e-08
-260.0 9.718482617536851e-08
-240.0 1.1193291674343584e-07
-220.0 1.2847744691151174e-07
-200.0 1.460891679054284e-07
-180.0 1.638948109208522e-07
-160.0 1.7749605518951375e-07
-140.0 1.8181084434151535e-07
-120.0 1.6700792870096668e-07
-100.0 1.219503682007242e-07
-80.0 5.106257183049313e-08
-60.0 4.725862128286528e-09
-40.0 0.0
-20.0 0.0
0.0 0.0
