-1000.0 9.439215832446327e-06
-980.0 9.831308529232164e-06
-960.0 1.0250050442303843e-05
-940.0 1.0650780229652523e-05
-920.0 1.1111199573472481e-05
-900.0 1.1578806103441445e-05
-880.0 1.2103469349166033e-05
-860.0 1.2674424873248836e-05
-840.0 1.3226794228476875e-05
-820.0 1.381646374985253e-05
-800.0 1.4482627444439503e-05
-780.0 1.5146394947280958e-05
-760.0 1.5926499892303692e-05
-740.0 1.663598479145799e-05
-720.0 1.7503968034784305e-05
-700.0 1.8366899397100144e-05
-680.0 1.924868780874492e-05
-660.0 2.031550279689057e-05
-640.0 2.1348261059702335e-05
-620.0 2.2497829579271263e-05
-600.0 2.3661005431783583e-05
-580.0 2.5043213504785517e-05
-560.0 2.6365489119574676e-05
-540.0 2.79341770866407e-05
-520.0 2.9385545256214478e-05
-500.0 3.104986714936175e-05
-480.0 3.302147998502696e-05
-460.0 3.4800777952116e-05
-440.0 3.703486097785494e-05
-420.0 3.92098128172862e-05
-400.0 4.154899026421595e-05
-380.0 4.399669482161645e-05
-360.0 4.666838222049829e-05
-340.0 4.9459741392470435e-05
-320.0 5.218100268437365e-05
-300.0 5.506197871729652e-05
-280.0 5.7942806889222764e-05
-260.0 6.054295710344526e-05
-240.0 6.287447066160211e-05
-220.0 6.433384824655922e-05
-200.0 6.485836426671562e-05
-180.0 6.361357078919152e-05
-160.0 6.037514416175464e-05
-140.0 5.287110078338427e-05
-120.0 4.1552145340522255e-05
-100.0 2.5999000205958134e-05
-80.0 9.986881838806567e-06
-60.0 9.915987103294695e-07
-40.0 3.0788963518983944e-10
-20.0 0.0
0.0 0.0
