-1000.0 9.441378821883286e-06
-980.0 9.833627459100923e-06
-960.0 1.0252558852701042e-05
-940.0 1.0653502155037913e-05
-920.0 1.1114056890478813e-05
-900.0 1.1581901497636208e-05
-880.0 1.2106826951876043e-05
-860.0 1.2678084912075702e-05
-840.0 1.323074135157618e-05
-820.0 1.3820745566412212e-05
-800.0 1.4487295012609651e-05
-780.0 1.5151444724317362e-05
-760.0 1.5931943231197646e-05
-740.0 1.6642011204686153e-05
-720.0 1.751055541131384e-05
-700.0 1.8374127042442915e-05
-680.0 1.925664387503027e-05
-660.0 2.0324239166018516e-05
-640.0 2.1357828206307916e-05
-620.0 2.2508429923791556e-05
-600.0 2.3672778262017843e-05
-580.0 2.5056181071656572e-05
-560.0 2.6379849667884176e-05
-540.0 2.7950323318550933e-05
-520.0 2.94035309651001e-05
-500.0 3.107002308954851e-05
-480.0 3.304403682430563e-05
-460.0 3.482624480453806e-05
-440.0 3.706361300379246e-05
-420.0 3.924220483954009e-05
-400.0 4.15859019196396e-05
-380.0 4.4038869524287744e-05
-360.0 4.671654027919397e-05
-340.0 4.951490550779011e-05
-320.0 5.224428765137255e-05
-300.0 5.5134984522941915e-05
-280.0 5.802686740744349e-05
-260.0 6.064014192962063e-05
-240.0 6.298640357834554e-05
-220.0 6.446232569347074e-05
-200.0 6.500445343462104e-05
-180.0 6.377746560011238e-05
-160.0 6.0552640216944155e-05
-140.0 5.305291162772579e-05
-120.0 4.1719153269223225e-05
-100.0 2.612095057415886e-05
-80.0 1.0037944410637061e-05
-60.0 9.96324572457756e-07
-40.0 3.0788963518983944e-10
-20.0 0.0
0.0 0.0
