-1000.0 0.0025676041588077792
-980.0 0.0026688533295449474
-960.0 0.00277446994862403
-940.0 0.0028927906242432024
-920.0 0.0030128270823706078
-900.0 0.003143317137878237
-880.0 0.0032722084017588627
-860.0 0.0034195657672468713
-840.0 0.003569453463342841
-820.0 0.0037218744900932494
-800.0 0.0038827929444264215
-780.0 0.004062940716967989
-760.0 0.004263608487083008
-740.0 0.004468823201287189
-720.0 0.00467736120657789
-700.0 0.004910857892930016
-680.0 0.005150871873713662
-660.0 0.005427910544186748
-640.0 0.00569846549822748
-620.0 0.006005783813033622
-600.0 0.006320621503904162
-580.0 0.006665849772663955
-560.0 0.007029976668562647
-540.0 0.007420130409772201
-520.0 0.007849371487855398
-500.0 0.008286705584559823
-480.0 0.008784036935770623
-460.0 0.009316417810630327
-440.0 0.009887685965358113
-420.0 0.01048945236917094
-400.0 0.01115018750780616
-380.0 0.011836716162012192
-360.0 0.012580578038414308
-340.0 0.013371654015720139
-320.0 0.014212720255899237
-300.0 0.01509116353783127
-280.0 0.015973535514627147
-260.0 0.016878174073221966
-240.0 0.017736478082212927
-220.0 0.01848460421187671
-200.0 0.018973945262624095
-180.0 0.019165020805324715
-160.0 0.018704043178553936
-140.0 0.017314673962355778
-120.0 0.014421961085402273
-100.0 0.009888855058088536
-80.0 0.004284231102158936
-60.0 0.0005129256491865416
-40.0 1.0584383332292372e-07
-20.0 0.0
0.0 0.0
