-4.5 0.00296323536887983
-4.14 0.006088551804330641
-3.78 0.012595196910622686
-3.42 0.02576556876819322
-3.06 0.05256787480304576
-2.7 0.1072902859637426
-2.34 0.2175120827996785
-1.98 0.4321638676326901
-1.62 0.8332528422527631
-1.26 1.5146197974719366
-0.9000000000000004 2.4761842925992927
-0.54 3.4358128991015313
-0.1799999999999997 3.8568075640643644
0.1799999999999997 3.4354852394775928
0.54 2.477141737013116
0.8999999999999995 1.5160129770568551
1.26 0.8334894478040905
1.62 0.43131499745591007
1.98 0.21639243383574885
2.34 0.10703802214470269
2.699999999999999 0.0526726174187643
3.06 0.02567308990637762
3.42 0.012530353457675161
3.779999999999999 0.006100879332771227
4.140000000000001 0.0029782379875524403
4.5 0.0
