-4.5 8.531486852324396e-05
-4.14 0.00017598452193071562
-3.78 0.00036172397203040267
-3.42 0.0007403299815972071
-3.06 0.0015183534212273144
-2.7 0.0030969735391540407
-2.34 0.006274498484347609
-1.98 0.01245330591799193
-1.62 0.02400156398519422
-1.26 0.04352141084570214
-0.9000000000000004 0.07095822684347929
-0.54 0.09826524571995973
-0.1799999999999997 0.11020683383598678
0.1799999999999997 0.09824581106840105
0.54 0.07093212096592874
0.8999999999999995 0.04353078014098236
1.26 0.023991668719233757
1.62 0.01245643915117972
1.98 0.006260115979142216
2.34 0.0031007169957874767
2.699999999999999 0.0015223910864646415
3.06 0.0007410622599784184
3.42 0.0003633888558066524
3.779999999999999 0.0001763687886229805
4.140000000000001 8.636636192870922e-05
4.5 0.0
