-4.5 7.307882083830264e-05
-4.14 0.00015078262143230502
-3.78 0.0003102710587721844
-3.42 0.0006347624133218495
-3.06 0.001301270115752323
-2.7 0.0026563939913229464
-2.34 0.005383727541418831
-1.98 0.010690661701899582
-1.62 0.02063723345894683
-1.26 0.037496036179314685
-0.9000000000000004 0.061297717213612955
-0.54 0.08508131521469471
-0.1799999999999997 0.09550380824298244
0.1799999999999997 0.08506386346255565
0.54 0.06127939152420195
0.8999999999999995 0.037504018344573405
1.26 0.02062761277531968
1.62 0.010694787275145364
1.98 0.005368730409316122
2.34 0.002660309273722469
2.699999999999999 0.0013050871473278553
3.06 0.0006348431534132942
3.42 0.0003117211572715176
3.779999999999999 0.00015119244307021908
4.140000000000001 7.400906428494808e-05
4.5 0.0
