-4.5 7.954925930003131e-05
-4.14 0.00016654341558434348
-3.78 0.00036019876043933124
-3.42 0.0007165895520155277
-3.06 0.0014558855858566627
-2.7 0.0029466970415667286
-2.34 0.005853444229063928
-1.98 0.011773848218535945
-1.62 0.022534510430601302
-1.26 0.041265966533589125
-0.9000000000000004 0.06612062149356288
-0.54 0.0919847785388493
-0.1799999999999997 0.10312147911227065
0.1799999999999997 0.09172370509014344
0.54 0.06598033828909108
0.8999999999999995 0.04074904810985423
1.26 0.022828509780800605
1.62 0.011806978712868444
1.98 0.00600993790806048
2.34 0.0029132075060823784
2.699999999999999 0.0014251191413531144
3.06 0.0007093425449851689
3.42 0.00034835424239251886
3.779999999999999 0.00015735732515842184
4.140000000000001 8.505570348708403e-05
4.5 0.0
