-4.5 1.2236047684941319e-05
-4.14 2.52019004984106e-05
-3.78 5.145291325821823e-05
-3.42 0.00010556756827535768
-3.06 0.00021708330547499135
-2.7 0.00044057954783109426
-2.34 0.0008907709429287778
-1.98 0.0017626442160923472
-1.62 0.003364330526247393
-1.26 0.0060253746663874504
-0.9000000000000004 0.009660509629866336
-0.54 0.013183930505265017
-0.1799999999999997 0.014703025593004355
0.1799999999999997 0.013181947605845406
0.54 0.009652729441726796
0.8999999999999995 0.0060267617964089555
1.26 0.0033640559439140775
1.62 0.0017616518760343554
1.98 0.0008913855698260943
2.34 0.00044040772206500737
2.699999999999999 0.00021730393913678623
3.06 0.00010621910656512425
3.42 5.1667698535134845e-05
3.779999999999999 2.517634555276141e-05
4.140000000000001 1.2357297643761135e-05
4.5 0.0
