0.0 0.24703023071340072
0.0272 0.7437783706388421
0.0544 1.2434486577343882
0.0816 1.7423856287199915
0.1088 2.2601650243152513
0.136 2.779798470448548
0.1632 3.327866903018005
0.1904 3.87288400848216
0.2176 4.451124681361657
0.2448 5.060490432408628
0.272 5.688482026974688
0.2992 6.3659736138249725
0.3264 7.086994297177916
0.3536 7.876255189679937
0.3808 8.723502248620836
0.408 9.67679223753225
0.4352 10.747619832681286
0.4624 11.965962926060254
0.4896 13.435754506942406
0.5168 15.236921540595267
0.544 17.54485216356754
0.5712 20.75672663380659
0.5984 25.820310078698828
0.6256 36.25631836056381
0.6528 69.53675139934681
0.68 0.0
