0.0 0.006822400020687142
0.0272 0.021455701552194343
0.0544 0.035268642583658805
0.0816 0.04896141579030403
0.1088 0.06345444554349294
0.136 0.07880952128467385
0.1632 0.09162656556574952
0.1904 0.10935721264052307
0.2176 0.12487875492258205
0.2448 0.14280464589572062
0.272 0.1626179185994697
0.2992 0.17776441214213584
0.3264 0.1957174390154518
0.3536 0.2178368943796063
0.3808 0.2455008678010956
0.408 0.27134712030899316
0.4352 0.29720495980133
0.4624 0.3291228873487695
0.4896 0.3693213262443896
0.5168 0.4139913114571163
0.544 0.48419755400411546
0.5712 0.5609533274773318
0.5984 0.7025287488784865
0.6256 0.9694432818877288
0.6528 1.7311536325832924
0.68 0.0
