0.0 0.006110537918186574
0.0272 0.018421973797371732
0.0544 0.030746139833536194
0.0816 0.043261621280476115
0.1088 0.055922323796098204
0.136 0.06907136566095695
0.1632 0.08225796658875645
0.1904 0.0959809703653928
0.2176 0.11036582902699535
0.2448 0.12488731101886484
0.272 0.1411179801528835
0.2992 0.15762204036858304
0.3264 0.1754742774495422
0.3536 0.19454790682964324
0.3808 0.21579755906464912
0.408 0.2396458640454001
0.4352 0.26598049581711963
0.4624 0.29648696125515794
0.4896 0.3326724974485514
0.5168 0.37691816687107094
0.544 0.43440491984152774
0.5712 0.5132296378611051
0.5984 0.6392948020405748
0.6256 0.8977666503634412
0.6528 1.7221472145870016
0.68 0.0
