0.0 0.001022366447648679
0.0272 0.0030542699163134002
0.0544 0.005129630780372339
0.0816 0.007171498310267849
0.1088 0.00928660703441915
0.136 0.011433732614193141
0.1632 0.013627128044195365
0.1904 0.015850723366351013
0.2176 0.01814423766547864
0.2448 0.02055506131095965
0.272 0.023040799454850432
0.2992 0.025667565755984792
0.3264 0.02850461038586802
0.3536 0.031559654721790585
0.3808 0.03479452652023979
0.408 0.038406494046199106
0.4352 0.042532234675544886
0.4624 0.04720146826757411
0.4896 0.0526401091207908
0.5168 0.05945583707386847
0.544 0.0680691242102991
0.5712 0.0801963760951459
0.5984 0.09933776251809277
0.6256 0.13886908702098755
0.6528 0.2653009850451799
0.68 0.0
