0.0 0.0071329043658352525
0.0272 0.02147624371368513
0.0544 0.035875770613908536
0.0816 0.050433119590743966
0.1088 0.06520893083051735
0.136 0.0805050982751501
0.1632 0.0958850946329518
0.1904 0.11183169373174381
0.2176 0.128510066692474
0.2448 0.1454423723298245
0.272 0.16415877960773392
0.2992 0.18328960612456785
0.3264 0.2039788878354102
0.3536 0.22610756155143383
0.3808 0.2505920855848889
0.408 0.27805235809159917
0.4352 0.30851273049266453
0.4624 0.34368842952273204
0.4896 0.3853126065693422
0.5168 0.4363740039449394
0.544 0.5024740440518268
0.5712 0.593426013956251
0.5984 0.7386325645586675
0.6256 1.0366357373844286
0.6528 1.9874481996321816
0.68 0.0
