-4.5 0.0005131205498569192
-4.14 0.000684285658875779
-3.78 0.0008810817580299864
-3.42 0.0010784337889840373
-3.06 0.0012374907482073545
-2.7 0.0013539607938712038
-2.34 0.0013779247264668836
-1.98 0.001359918582574301
-1.62 0.0012480685893163782
-1.26 0.0011003424867080994
-0.9000000000000004 0.000981798502908823
-0.54 0.000869132710321917
-0.1799999999999997 0.0008235760408178313
0.1799999999999997 0.0008549704204488218
0.54 0.0009654969950395613
0.8999999999999995 0.0010934775194206107
1.26 0.0012441437841629295
1.62 0.001347140637171889
1.98 0.0013851180612676017
2.34 0.0013246190350958637
2.699999999999999 0.0012329941339017446
3.06 0.0010623005494568396
3.42 0.0008871500429647489
3.779999999999999 0.0006889019675862091
4.140000000000001 0.0005113573620363254
4.5 0.0
