-4.5 0.0003627531555499296
-4.14 0.00047689181147643955
-3.78 0.0005916041115986147
-3.42 0.0006953893191663913
-3.06 0.0007733098412150482
-2.7 0.0008194930474817883
-2.34 0.0008257144543807657
-1.98 0.0007906957698408311
-1.62 0.0007233311938674372
-1.26 0.0006394940017323804
-0.9000000000000004 0.0005575524197757384
-0.54 0.0005006884901093705
-0.1799999999999997 0.00048111946704168236
0.1799999999999997 0.0005021830076996799
0.54 0.0005587228703071793
0.8999999999999995 0.0006387760488231906
1.26 0.000724299059634514
1.62 0.0007922208367036459
1.98 0.0008257426688638488
2.34 0.0008207387167046843
2.699999999999999 0.0007744677451830479
3.06 0.0006961042368296838
3.42 0.0005912310126712846
3.779999999999999 0.00047638286758059235
4.140000000000001 0.0003618482193274586
4.5 0.0
