-4.5 0.00010541345793743084
-4.14 0.00015511958326281422
-3.78 0.00021369573881209488
-3.42 0.00027704933414383903
-3.06 0.0003410547299863228
-2.7 0.0003985491616249917
-2.34 0.00044290261662664244
-1.98 0.00046919253221845806
-1.62 0.0004742717948482449
-1.26 0.0004613183262614786
-0.9000000000000004 0.00043685250766015013
-0.54 0.000414645473327154
-0.1799999999999997 0.00040549144795454234
0.1799999999999997 0.0004147556500385673
0.54 0.00043659919994261376
0.8999999999999995 0.00046117945867406177
1.26 0.0004737862648799306
1.62 0.00046928135272422943
1.98 0.0004428474428026452
2.34 0.0003984978593312845
2.699999999999999 0.0003408922186758544
3.06 0.00027785740429348726
3.42 0.00021334781987250386
3.779999999999999 0.0001544636665959703
4.140000000000001 0.00010546940961842432
4.5 0.0
