-4.5 0.0004681666134873604
-4.14 0.0006320113947392538
-3.78 0.0008052998504107096
-3.42 0.0009724386533102303
-3.06 0.001114364571201371
-2.7 0.00121804220910678
-2.34 0.0012686170710074082
-1.98 0.001259888302059289
-1.62 0.0011976029887156821
-1.26 0.0011008123279938591
-0.9000000000000004 0.0009944049274358885
-0.54 0.0009153339634365245
-0.1799999999999997 0.0008866109149962248
0.1799999999999997 0.0009169386577382472
0.54 0.000995322070249793
0.8999999999999995 0.0010999555074972522
1.26 0.0011980853245144446
1.62 0.0012615021894278754
1.98 0.001268590111666494
2.34 0.0012192365760359688
2.699999999999999 0.0011153599638589022
3.06 0.000973961641123171
3.42 0.0008045788325437885
3.779999999999999 0.0006308465341765626
4.140000000000001 0.0004673176289458829
4.5 0.0
