-4.5 0.0331517199621708
-4.14 0.04926112230324543
-3.78 0.06828845606862124
-3.42 0.08925931478507408
-3.06 0.1101692720027583
-2.7 0.12919252323337815
-2.34 0.1441343561429845
-1.98 0.1530232104430171
-1.62 0.15508743034301328
-1.26 0.15099964210819353
-0.9000000000000004 0.143172562000156
-0.54 0.13560904421356126
-0.1799999999999997 0.1327088809550878
0.1799999999999997 0.1356412486476465
0.54 0.14306492008713942
0.8999999999999995 0.15076207634242303
1.26 0.15490561121198543
1.62 0.15305905875157125
1.98 0.14397137298705368
2.34 0.12924491068765812
2.699999999999999 0.110206833126479
3.06 0.08934459870558031
3.42 0.06822957814896127
3.779999999999999 0.049207751996636684
4.140000000000001 0.03315631366016184
4.5 0.0
