0.0 0.005438397523852685
0.8 0.0041275890312098
1.6 0.0013902035622399495
2.4 0.0004966251730591985
3.2 0.00021261480718211796
4.0 0.00010359126153017235
4.800000000000001 5.5302450922014544e-05
5.600000000000001 3.149590656451996e-05
6.4 1.895667546165353e-05
7.2 1.190802415903955e-05
8.0 7.780876090679518e-06
8.8 5.210390490666534e-06
9.600000000000001 3.573200102710641e-06
10.4 2.5467538239727862e-06
11.2 1.8393961363532272e-06
12.0 1.3331407754742938e-06
12.8 9.83396207122257e-07
13.6 7.309193371877252e-07
14.4 5.634037977629532e-07
15.2 4.413205018018253e-07
16.0 3.38271471015411e-07
16.8 2.623739108074806e-07
17.6 2.0550481744069077e-07
18.4 1.6522028606027073e-07
19.2 1.3348723361198968e-07
20.0 0.0
