0.0 0.0009878394415003824
0.8 0.00143791461573737
1.6 0.0008322044807667746
2.4 0.00039926551435391205
3.2 0.0001931531091486069
4.0 9.89204333671975e-05
4.800000000000001 5.3969223986908635e-05
5.600000000000001 3.105709578382256e-05
6.4 1.8794306212121103e-05
7.2 1.1841758737845341e-05
8.0 7.752138158047302e-06
8.8 5.197059390830915e-06
9.600000000000001 3.566497289880182e-06
10.4 2.543227014245561e-06
11.2 1.8375026147793412e-06
12.0 1.33208322668236e-06
12.8 9.827775324182947e-07
13.6 7.305486561146606e-07
14.4 5.631765407016162e-07
15.2 4.4117705920969207e-07
16.0 3.3818244275678677e-07
16.8 2.623157338282313e-07
17.6 2.0546635904999887e-07
18.4 1.651948967702981e-07
19.2 1.3347008524104332e-07
20.0 0.0
