0.0 0.2896401510681308
0.8 0.482126387573232
1.6 0.2892234681535825
2.4 0.13360230654474245
3.2 0.06154117511331098
4.0 0.030209341934427186
4.800000000000001 0.016011646101240153
5.600000000000001 0.008954057727695414
6.4 0.005305374249436349
7.2 0.00330451277326141
8.0 0.0021270091860693795
8.8 0.001413833098907776
9.600000000000001 0.0009687403279882064
10.4 0.0006742196411327201
11.2 0.00047968815739240594
12.0 0.00034683820116764697
12.8 0.00025832437573809503
13.6 0.0001938244568280687
14.4 0.00014681233264052883
15.2 0.00011214182431946948
16.0 8.641644439045456e-05
16.8 6.834042484527352e-05
17.6 5.377846916428898e-05
18.4 4.214207328676573e-05
19.2 3.4741324988701645e-05
20.0 0.0
