0.0 0.004450558082352303
0.8 0.00268967441547243
1.6 0.000557999081473175
2.4 9.735965870528644e-05
3.2 1.946169803351106e-05
4.0 4.67082816297485e-06
4.800000000000001 1.3332269351059096e-06
5.600000000000001 4.3881078069740126e-07
6.4 1.623692495324301e-07
7.2 6.626542119421e-08
8.0 2.8737932632216168e-08
8.8 1.3331099835618687e-08
9.600000000000001 6.7028128304589925e-09
10.4 3.526809727225575e-09
11.2 1.8935215738860015e-09
12.0 1.0575487919336632e-09
12.8 6.18674703962231e-10
13.6 3.7068107306462783e-10
14.4 2.2725706133691061e-10
15.2 1.434425921332701e-10
16.0 8.902825862422259e-11
16.8 5.817697924928895e-11
17.6 3.8458390691890516e-11
18.4 2.538928997262651e-11
19.2 1.714837094636023e-11
20.0 0.0
