0.0 0.006273065260263901
0.8 0.005442082724337249
1.6 0.0013741105930781356
2.4 4.762995782982412e-05
3.2 -0.00015083301188004356
4.0 -0.00013352561380062294
4.800000000000001 -9.363982557569184e-05
5.600000000000001 -6.078328469849013e-05
6.4 -4.0693360379009496e-05
7.2 -2.9495042452592756e-05
8.0 -1.9409635767350986e-05
8.8 -1.382821178984969e-05
9.600000000000001 -1.0373580529033137e-05
10.4 -7.193363869916457e-06
11.2 -5.516230000609186e-06
12.0 -4.220994644767718e-06
12.8 -3.147366647075455e-06
13.6 -2.4225477107983173e-06
14.4 -2.11474111097939e-06
15.2 -1.4306408145616738e-06
16.0 -1.1885991511459952e-06
16.8 -1.1111715345434893e-06
17.6 -7.925936173041093e-07
18.4 -6.24864478418142e-07
19.2 -5.516846172599368e-07
20.0 0.0
