-1.0 0.0010548725960738531
-0.95 0.0021607172857444593
-0.9 0.0027780370540798744
-0.85 0.0032029010380603853
-0.8 0.003518071633201753
-0.75 0.0037530594433852096
-0.7 0.003924470002113562
-0.6499999999999999 0.004045742459179143
-0.6 0.004130250474599983
-0.55 0.004168897723343581
-0.5 0.004169553822038961
-0.45 0.004126054067293152
-0.3999999999999999 0.004052780144845886
-0.35 0.003922736348479591
-0.2999999999999999 0.0037524033655511077
-0.25 0.003519812785978709
-0.2 0.0032032187838826097
-0.1499999999999999 0.0027788945085515204
-0.09999999999999998 0.0021523046570611996
-0.04999999999999993 0.0010516014319735766
0.0 0.0
