-1.0 4.065750712126313e-05
-0.95 0.00039531435233647707
-0.9 0.0012111003079243038
-0.85 0.0024738730152965463
-0.8 0.0041017918512474385
-0.75 0.006044424909064713
-0.7 0.008245251607612473
-0.6499999999999999 0.010658276448443247
-0.6 0.013284163070273502
-0.55 0.016109252875647684
-0.5 0.01611245623623747
-0.45 0.013287327155204988
-0.3999999999999999 0.010664974443254656
-0.35 0.008246295719562952
-0.2999999999999999 0.006042546586857401
-0.25 0.004106277632120434
-0.2 0.002476741990894081
-0.1499999999999999 0.0012149866735087537
-0.09999999999999998 0.00039199369660521875
-0.04999999999999993 4.0794999887478556e-05
0.0 0.0
