-1.0 0.0010955301031951162
-0.95 0.0025560316380809365
-0.9 0.003989137362004179
-0.85 0.005676774053356932
-0.8 0.007619863484449192
-0.75 0.009797484352449922
-0.7 0.012169721609726035
-0.6499999999999999 0.01470401890762239
-0.6 0.017414413544873483
-0.55 0.020278150598991265
-0.5 0.020282010058276432
-0.45 0.01741338122249814
-0.3999999999999999 0.014717754588100542
-0.35 0.012169032068042544
-0.2999999999999999 0.009794949952408509
-0.25 0.007626090418099143
-0.2 0.00567996077477669
-0.1499999999999999 0.003993881182060274
-0.09999999999999998 0.002544298353666418
-0.04999999999999993 0.0010923964318610552
0.0 0.0
