-1.0 0.43439833660345206
-0.95 0.8418422051783133
-0.9 1.0230568084710407
-0.85 1.117236521104353
-0.8 1.1695458996957333
-0.75 1.194965912741704
-0.7 1.2048101851864206
-0.6499999999999999 1.209650277554129
-0.6 1.2108304181905856
-0.55 1.2084565081080616
-0.5 1.209387996590307
-0.45 1.2091639923558803
-0.3999999999999999 1.2105632358959468
-0.35 1.2047894443573781
-0.2999999999999999 1.1941934685643618
-0.25 1.1697964447359792
-0.2 1.118778292413031
-0.1499999999999999 1.0236046576448246
-0.09999999999999998 0.8426734595470811
-0.04999999999999993 0.43563832561564625
0.0 0.0
