-1.0 -0.011705943140003746
-0.95 -0.006425362938649688
-0.9 0.00040849120256106815
-0.85 0.005611038246260349
-0.8 0.009396530274768722
-0.75 0.012409965803627144
-0.7 0.015254902322981833
-0.6499999999999999 0.017195879495042893
-0.6 0.019478995052401228
-0.55 0.022173598796232652
-0.5 0.02171231871538686
-0.45 0.019186825681112744
-0.3999999999999999 0.016778234136453657
-0.35 0.014614226738132651
-0.2999999999999999 0.012649817647985832
-0.25 0.01055237933013105
-0.2 0.00834135591209134
-0.1499999999999999 0.006410599337625309
-0.09999999999999998 0.004240030638347515
-0.04999999999999993 0.0025359511016063386
0.0 0.0
