-1.0 0.001051601431973574
-0.95 0.0021523046570612043
-0.9 0.0027788945085515143
-0.85 0.0032032187838826206
-0.8 0.0035198127859787055
-0.75 0.003752403365551095
-0.7 0.0039227363484795955
-0.6499999999999999 0.004052780144845886
-0.6 0.0041260540672931655
-0.55 0.004169553822038956
-0.5 0.004168897723343585
-0.45 0.004130250474599969
-0.3999999999999999 0.004045742459179143
-0.35 0.003924470002113558
-0.2999999999999999 0.003753059443385222
-0.25 0.003518071633201757
-0.2 0.0032029010380603745
-0.1499999999999999 0.002778037054079881
-0.09999999999999998 0.002160717285744454
-0.04999999999999993 0.0010548725960738555
0.0 0.0
