-1.0 4.079499988747846e-05
-0.95 0.0003919936966052197
-0.9 0.0012149866735087509
-0.85 0.002476741990894089
-0.8 0.00410627763212043
-0.75 0.0060425465868573815
-0.7 0.00824629571956296
-0.6499999999999999 0.010664974443254656
-0.6 0.013287327155205033
-0.55 0.01611245623623745
-0.5 0.016109252875590434
-0.45 0.013284163070464188
-0.3999999999999999 0.010658276448309781
-0.35 0.008245251607612464
-0.2999999999999999 0.006044424909064735
-0.25 0.004101791851247444
-0.2 0.002473873015296538
-0.1499999999999999 0.0012111003079243068
-0.09999999999999998 0.00039531435233647615
-0.04999999999999993 4.065750712126322e-05
0.0 0.0
