-1.0 0.0010923964318610524
-0.95 0.002544298353666424
-0.9 0.003993881182060266
-0.85 0.005679960774776709
-0.8 0.0076260904180991355
-0.75 0.009794949952408476
-0.7 0.012169032068042556
-0.6499999999999999 0.014717754588100542
-0.6 0.0174133812224982
-0.55 0.020282010058276408
-0.5 0.02027815059893402
-0.45 0.017414413545064157
-0.3999999999999999 0.014704018907488924
-0.35 0.012169721609726021
-0.2999999999999999 0.009797484352449957
-0.25 0.0076198634844492005
-0.2 0.0056767740533569125
-0.1499999999999999 0.003989137362004187
-0.09999999999999998 0.0025560316380809304
-0.04999999999999993 0.0010955301031951188
0.0 0.0
