-1.0 0.43563832561564525
-0.95 0.8426734595470831
-0.9 1.0236046576448223
-0.85 1.1187782924130347
-0.8 1.1697964447359779
-0.75 1.1941934685643576
-0.7 1.2047894443573794
-0.6499999999999999 1.2105632358959468
-0.6 1.2091639923558841
-0.55 1.2093879965903058
-0.5 1.208456508108063
-0.45 1.2108304181905813
-0.3999999999999999 1.209650277554129
-0.35 1.204810185186419
-0.2999999999999999 1.194965912741708
-0.25 1.1695458996957344
-0.2 1.1172365211043493
-0.1499999999999999 1.0230568084710432
-0.09999999999999998 0.8418422051783114
-0.04999999999999993 0.43439833660345306
0.0 0.0
