-1.0 -0.011572854220381136
-0.95 -0.006405804417655692
-0.9 0.0004170138535550833
-0.85 0.005534369092743838
-0.8 0.009534901337142953
-0.75 0.012662798286686828
-0.7 0.015076629556284528
-0.6499999999999999 0.017329211189330944
-0.6 0.01954638566744167
-0.55 0.021848066755113967
-0.5 0.02204134433736599
-0.45 0.01909201537896723
-0.3999999999999999 0.01668421409007746
-0.35 0.014767939026634362
-0.2999999999999999 0.012456991053231151
-0.25 0.010387933116775348
-0.2 0.008465730170215267
-0.1499999999999999 0.006322553597034241
-0.09999999999999998 0.004227520156016243
-0.04999999999999993 0.0024028763275157445
0.0 0.0
