-4.5 0.00012002558836410442
-4.41 0.0001418031252805878
-4.32 0.00017068290983922953
-4.23 0.0002030030776120417
-4.14 0.0002441263228211446
-4.05 0.0002928853633636304
-3.96 0.0003502588652473357
-3.87 0.0004187107959555306
-3.78 0.000496818843630985
-3.69 0.0005912703489430247
-3.6 0.0007034639925516845
-3.51 0.0008516071658619529
-3.42 0.0009977722562000942
-3.33 0.001196254508410979
-3.24 0.0014177283717317713
-3.15 0.0016912037735708177
-3.06 0.0019971544000272163
-2.97 0.0023655635582051798
-2.88 0.0027938113883806772
-2.79 0.003282593950821054
-2.7 0.0038142200803222004
-2.61 0.004493168882846838
-2.52 0.005209319467538671
-2.43 0.006074529223013925
-2.34 0.006997505716962242
-2.25 0.00800347919195115
-2.16 0.009099880272204553
-2.07 0.010313877492611338
-1.98 0.011536688348223512
-1.89 0.012844801930412325
-1.8 0.014120985531735741
-1.71 0.015418148735733566
-1.62 0.016629524917306727
-1.53 0.017835864516779966
-1.44 0.01885702697699734
-1.35 0.01974494590432016
-1.26 0.02056940548416762
-1.17 0.0211095371892168
-1.08 0.02148207051777522
-0.9900000000000002 0.021588897335029146
-0.9000000000000004 0.02156584956447285
-0.81 0.02144590890992597
-0.7200000000000002 0.021135188938166266
-0.6300000000000003 0.020695690691278752
-0.54 0.02017677808916689
-0.4500000000000002 0.01965940902844283
-0.3600000000000003 0.01916770859895661
-0.2700000000000005 0.018724411127766266
-0.1799999999999997 0.018412761743297937
-0.08999999999999986 0.018228671553897704
0.0 0.01821994906677332
0.08999999999999986 0.018382825518884174
0.1799999999999997 0.01873657546479688
0.2699999999999996 0.019153062634965735
0.3599999999999994 0.019617409050992143
0.4500000000000002 0.02019725355721768
0.54 0.02070532703935425
0.6299999999999999 0.021141997765646903
0.7199999999999998 0.021425019333866452
0.8099999999999996 0.021674962905708934
0.8999999999999995 0.021614689851606125
0.9900000000000002 0.02148618585827915
1.08 0.02106780135958786
1.17 0.020482202490824525
1.26 0.01970440497371217
1.35 0.018878255758213818
1.44 0.017846908336784414
1.529999999999999 0.0166705172801663
1.62 0.015413507460704629
1.71 0.014158451388120823
1.8 0.012852398459079605
1.89 0.011528043801216631
1.98 0.010289238657352113
2.069999999999999 0.009123471550845162
2.16 0.007998592974538234
2.25 0.007001713895753267
2.34 0.006078645373400228
2.43 0.0052454740870405605
2.52 0.00448162612432208
2.609999999999999 0.003831199655848185
2.699999999999999 0.00327294151245689
2.79 0.0027822428652001727
2.88 0.0023634274984050733
2.97 0.0020032766886168996
3.06 0.0016820643955902208
3.149999999999999 0.0014256637835695651
3.239999999999999 0.0011962080235287322
3.33 0.0010171932222903218
3.42 0.0008422605808317862
3.51 0.0007041407628560128
3.6 0.0005958787027298737
3.69 0.0004986314795917693
3.779999999999999 0.00041781966757157993
3.869999999999999 0.00035116197600456553
3.959999999999999 0.00029175149791256684
4.049999999999999 0.00024319602927175906
4.140000000000001 0.0002063266393492478
4.23 0.00017188713740526597
4.32 0.0001424050635900144
4.41 0.00012076969570797937
4.5 0.0
