-4.5 2.5523817394271357e-06
-4.14 5.201664725264111e-06
-3.78 1.0567913374053083e-05
-3.42 2.1214678083468417e-05
-3.06 4.169503771078199e-05
-2.7 7.839824045160538e-05
-2.34 0.00013711157233991186
-1.98 0.00021489130285293214
-1.62 0.00029129119381458385
-1.26 0.0003375637764286446
-0.9000000000000004 0.0003384790349786621
-0.54 0.0003098669207903686
-0.1799999999999997 0.0002925976477911166
0.1799999999999997 0.00030986497580262027
0.54 0.00033864821689734057
0.8999999999999995 0.00033740469901139735
1.26 0.00029148195000202346
1.62 0.00021496027650919693
1.98 0.000137021697962602
2.34 7.838460898023257e-05
2.699999999999999 4.156871568103284e-05
3.06 2.1162836692876432e-05
3.42 1.0535372453458025e-05
3.779999999999999 5.171837187996923e-06
4.140000000000001 2.5346414754137634e-06
4.5 0.0
