-4.5 3.2248795533933915e-05
-4.14 6.567680249110652e-05
-3.78 0.00013355648412675678
-3.42 0.0002674452258258456
-3.06 0.0005250150094000154
-2.7 0.00098451587224976
-2.34 0.0017219327568381514
-1.98 0.002703098410963415
-1.62 0.0037630758550159997
-1.26 0.004645951029293673
-0.9000000000000004 0.005239048097070198
-0.54 0.005549308134131927
-0.1799999999999997 0.00565304897095362
0.1799999999999997 0.0055498582543212814
0.54 0.005243065893773609
0.8999999999999995 0.004645606905082964
1.26 0.0037632789785463213
1.62 0.002702215298314729
1.98 0.0017207597183440241
2.34 0.0009851315019892702
2.699999999999999 0.0005250978346540354
3.06 0.0002673894721313496
3.42 0.0001331254599260665
3.779999999999999 6.566120965922787e-05
4.140000000000001 3.218626213626975e-05
4.5 0.0
