-4.5 2.4296626675197333e-05
-4.41 2.9144296968581542e-05
-4.32 3.400180621726874e-05
-4.23 4.117583275474537e-05
-4.14 4.980792091787399e-05
-4.05 5.940529213190008e-05
-3.96 7.05816530455121e-05
-3.87 8.570673200167046e-05
-3.78 0.00010096977224533741
-3.69 0.00011997108027524884
-3.6 0.00014304556894786753
-3.51 0.0001713402458871366
-3.42 0.0002033904021622663
-3.33 0.0002410103429521537
-3.24 0.00028498918632419043
-3.15 0.00034039636766354064
-3.06 0.00040417677281832427
-2.97 0.0004735712804804623
-2.88 0.0005635827900337464
-2.79 0.0006622534311244634
-2.7 0.0007688408989761506
-2.61 0.0009039003806546351
-2.52 0.001046679744683092
-2.43 0.0012161700586374802
-2.34 0.0013995816269171777
-2.25 0.0016029459455360994
-2.16 0.0018175886400599954
-2.07 0.0020679270030098417
-1.98 0.002311488063554947
-1.89 0.0025687438665329895
-1.8 0.0028344935976534905
-1.71 0.0031140930873948293
-1.62 0.0033879574955137486
-1.53 0.0036305506122139178
-1.44 0.00390003358849639
-1.35 0.004134439524885472
-1.26 0.004356108523224165
-1.17 0.004572160686728904
-1.08 0.004758523342295614
-0.9900000000000002 0.004913624656972735
-0.9000000000000004 0.00506958804058906
-0.81 0.005180835948085278
-0.7200000000000002 0.005295308317143016
-0.6300000000000003 0.005388706549194168
-0.54 0.005476598786188252
-0.4500000000000002 0.005540295050697036
-0.3600000000000003 0.005588465742073329
-0.2700000000000005 0.00561952615124021
-0.1799999999999997 0.005635928494714121
-0.08999999999999986 0.0056578886467815535
0.0 0.005661606386812638
0.08999999999999986 0.005643147330592255
0.1799999999999997 0.005623816131008655
0.2699999999999996 0.005583183719752637
0.3599999999999994 0.005533981157950538
0.4500000000000002 0.0054724171763511405
0.54 0.005391327493064437
0.6299999999999999 0.005303276129660511
0.7199999999999998 0.005189070410094961
0.8099999999999996 0.005056153055975338
0.8999999999999995 0.004919310881282382
0.9900000000000002 0.004743135755266636
1.08 0.0045675305456964665
1.17 0.004357472540193945
1.26 0.004129297154309636
1.35 0.003890521237216655
1.44 0.003633828173117645
1.529999999999999 0.0033710648840292175
1.62 0.0031108269129257534
1.71 0.002833981542005591
1.8 0.0025695925485783966
1.89 0.002309313392112843
1.98 0.0020551208457663195
2.069999999999999 0.0018187494393573477
2.16 0.0016024928636437464
2.25 0.0013974881971278057
2.34 0.0012155098264695877
2.43 0.001047730302833023
2.52 0.0009076067428237388
2.609999999999999 0.0007748349588550749
2.699999999999999 0.0006576505565305635
2.79 0.000564556812135327
2.88 0.00047797491951290076
2.97 0.0004025269283212469
3.06 0.00034279888566323877
3.149999999999999 0.00028786013166676053
3.239999999999999 0.00023909659018610631
3.33 0.0002030754010187717
3.42 0.0001714042841009616
3.51 0.0001417606758718343
3.6 0.00011927287814921119
3.69 9.991538013526653e-05
3.779999999999999 8.382642311144389e-05
3.869999999999999 7.026590780177927e-05
3.959999999999999 5.868621717326743e-05
4.049999999999999 4.871114515775424e-05
4.140000000000001 4.140502792491291e-05
4.23 3.4586328312372837e-05
4.32 2.9017434607591025e-05
4.41 2.4065104630384046e-05
4.5 0.0
