-4.5 4.9943638016821246e-05
-4.14 0.00010068199499888699
-3.78 0.00021767041389250815
-3.42 0.0004381049908871097
-3.06 0.0008696594263278681
-2.7 0.0016203325390168933
-2.34 0.0028428108911804683
-1.98 0.004429343031357821
-1.62 0.0060209505349214775
-1.26 0.006611344035152237
-0.9000000000000004 0.006384487230287077
-0.54 0.005778249155487382
-0.1799999999999997 0.005471907277846903
0.1799999999999997 0.005790064018598698
0.54 0.006371021667855966
0.8999999999999995 0.006613796249814503
1.26 0.005983170364377177
1.62 0.0045497042916449
1.98 0.002848282241468783
2.34 0.0016429824919788865
2.699999999999999 0.0008917645659607734
3.06 0.00044390503482519505
3.42 0.00019984143170349213
3.779999999999999 0.0001003177423806821
4.140000000000001 5.1685621780089056e-05
4.5 0.0
