-4.5 0.013001151657439706
-4.14 0.026538854298000607
-3.78 0.05394889072970371
-3.42 0.10789679101208957
-3.06 0.2130848424824403
-2.7 0.40042137860150445
-2.34 0.7009966738275673
-1.98 1.098622934414143
-1.62 1.4903351776055505
-1.26 1.7254421315628503
-0.9000000000000004 1.7301948197928143
-0.54 1.5852444626167688
-0.1799999999999997 1.4963237073073958
0.1799999999999997 1.5836225656162917
0.54 1.7304057234299686
0.8999999999999995 1.7261592721836583
1.26 1.4892637750226885
1.62 1.0991052132309094
1.98 0.7016116894391751
2.34 0.4007622753519379
2.699999999999999 0.2128987309829262
3.06 0.10876739462359021
3.42 0.05390501742476927
3.779999999999999 0.026571695883124555
4.140000000000001 0.01297539209910704
4.5 0.0
