-4.5 3.480117727336105e-05
-4.14 7.087846721637063e-05
-3.78 0.00014412439750080986
-3.42 0.000288659903909314
-3.06 0.0005667100471107974
-2.7 0.0010629141127013655
-2.34 0.0018590443291780633
-1.98 0.002917989713816347
-1.62 0.004054367048830583
-1.26 0.0049835148057223175
-0.9000000000000004 0.00557752713204886
-0.54 0.005859175054922295
-0.1799999999999997 0.005945646618744737
0.1799999999999997 0.0058597232301239015
0.54 0.00558171411067095
0.8999999999999995 0.004983011604094362
1.26 0.004054760928548345
1.62 0.0029171755748239256
1.98 0.001857781416306626
2.34 0.0010635161109695027
2.699999999999999 0.0005666665503350683
3.06 0.00028855230882422604
3.42 0.0001436608323795245
3.779999999999999 7.08330468472248e-05
4.140000000000001 3.472090361168351e-05
4.5 0.0
