0.0 0.1644916167881706
0.2 0.48301889441245693
0.4 0.7735204901910292
0.6000000000000001 1.019929983624862
0.8 1.2168556584348365
1.0 1.367569592892326
1.2 1.4713555970969177
1.4 1.5420030493999144
1.6 1.5797002602548402
1.8 1.5961292426040015
2.0 1.5964574025129699
2.2 1.5866270035919838
2.4 1.5706034611015
2.6 1.5528150578874678
2.8 1.5344006199101479
3.0 1.5179934252585472
3.2 1.5117781609630088
3.4 1.5141759332903966
3.6 1.5360083259529478
3.8 1.5853815224254875
4.0 1.6925901039282822
4.2 1.921200446135493
4.4 2.655082292949277
4.600000000000001 2.6733449061610988
4.800000000000001 0.0
5.0 0.0
