0.0 0.000439749546254963
0.2 0.0012884605197186654
0.4 0.0020572434378275063
0.6000000000000001 0.0027095551210857757
0.8 0.0032273251825959276
1.0 0.0036249919182580687
1.2 0.0038949537245518548
1.4 0.004088108974593919
1.6 0.004211092501594912
1.8 0.004290793092778527
2.0 0.004337417513039664
2.2 0.004363499879535406
2.4 0.004381783406209009
2.6 0.004403075712496572
2.8 0.004441706411317903
3.0 0.004501857466053514
3.2 0.004594617162916494
3.4 0.00474387566258495
3.6 0.004958288478720694
3.8 0.005310020117045461
4.0 0.005889321637030564
4.2 0.006993692343018951
4.4 0.010161783471091913
4.600000000000001 0.010623358979183553
4.800000000000001 0.0
5.0 0.0
