0.0 0.0004728869545876117
0.04673624775310915 0.0014199032089688456
0.09347249550621829 0.0023636390217326463
0.1402087432593274 0.003299148654579544
0.1869449910124366 0.004226595163048778
0.2336812387655457 0.005100703624216166
0.2804174865186549 0.006017711627703275
0.327153734271764 0.006874624183584077
0.3738899820248732 0.007717078362954119
0.4206262297779823 0.008537064824214884
0.4673624775310914 0.009344915134994388
0.5140987252842006 0.010098326580225126
0.5608349730373098 0.010849556402646635
0.6075712207904189 0.011521536378717109
0.6543074685435281 0.012103683225467824
0.7010437162966372 0.012836627362287233
0.7477799640497463 0.013430729716151944
0.7945162118028555 0.014004689322091804
0.8412524595559646 0.014626646097969908
0.8879887073090738 0.01513187872201401
0.9347249550621829 0.015541516324397653
0.981461202815292 0.01600430844704102
1.028197450568401 0.016335236703304248
1.07493369832151 0.01677328347929912
1.12166994607462 0.017149310262183925
1.168406193827729 0.017440215151096075
1.215142441580838 0.01775515950513515
1.261878689333947 0.017977197140883232
1.308614937087056 0.0182073886653441
1.355351184840165 0.01845100674584255
1.402087432593274 0.018703571143219584
1.448823680346383 0.0188601342172202
1.495559928099493 0.018975741064789112
1.542296175852602 0.019155274606209513
1.589032423605711 0.019229177837262842
1.63576867135882 0.019246324599909714
1.682504919111929 0.019466141448792846
1.729241166865038 0.01946334814305146
1.775977414618148 0.01953793966396615
1.822713662371257 0.019558502189586064
1.869449910124366 0.01957021289954565
1.916186157877475 0.019570646250447465
1.962922405630584 0.01965073293968394
2.009658653383693 0.01962095970551955
2.056394901136803 0.019657705349092246
2.103131148889911 0.019637514284288737
2.149867396643021 0.019574519375098413
2.19660364439613 0.019513048800085572
2.243339892149239 0.01943063529823279
2.290076139902348 0.019431376567450247
2.336812387655457 0.01934083595533507
2.383548635408566 0.019345073363127088
2.430284883161676 0.019294716481856638
2.477021130914785 0.0192539394110275
2.523757378667894 0.019241911749469705
2.570493626421003 0.019180287178484065
2.617229874174112 0.019107152460752258
2.663966121927221 0.019041872586557283
2.71070236968033 0.019031444244738238
2.75743861743344 0.018958661539371584
2.804174865186549 0.018899463657969486
2.850911112939658 0.018878741559290202
2.897647360692767 0.018860919248017426
2.944383608445876 0.018737021852476388
2.991119856198985 0.018689829363005735
3.037856103952095 0.018608268132913504
3.084592351705204 0.018623520420602203
3.131328599458313 0.018562624531699264
3.178064847211422 0.018542552698094406
3.224801094964531 0.018547164596156386
3.27153734271764 0.01851435479095099
3.318273590470749 0.018602255027191206
3.365009838223858 0.018479924475875903
3.411746085976968 0.018526349537919557
3.458482333730077 0.01853254205473997
3.505218581483186 0.018588083859414573
3.551954829236295 0.01860656140520071
3.598691076989404 0.01870746653960806
3.645427324742514 0.018747848001368445
3.692163572495622 0.018872965358752405
3.738899820248732 0.019036168364196762
3.785636068001841 0.019057631807725354
3.83237231575495 0.019264867577729383
3.879108563508059 0.019382112890903063
3.925844811261168 0.01969332647011842
3.972581059014277 0.019934655154616183
4.019317306767387 0.02026844697637564
4.066053554520495 0.020601030542050383
4.112789802273605 0.02103524518955018
4.159526050026714 0.021557635970056443
4.206262297779823 0.022142090342031916
4.252998545532932 0.02289625527988976
4.299734793286041 0.02388083786059344
4.346471041039151 0.02512640797283789
4.39320728879226 0.026754278013730967
4.439943536545369 0.028931549208960756
4.486679784298478 0.03204662974078729
4.533416032051587 0.03720125529494209
4.580152279804697 0.04720823557158795
4.626888527557806 0.11105035872195647
4.673624775310914 0.0
