0.0 3.218600240036662e-05
0.2 9.445735552661251e-05
0.4 0.000151268224815448
0.6000000000000001 0.00019946135921309352
0.8 0.0002380300644769117
1.0 0.00026737064839230747
1.2 0.0002878407066674429
1.4 0.00030125260642265624
1.6 0.00030913029348289377
1.8 0.0003122245529338312
2.0 0.00031230289292710805
2.2 0.00031044473469162795
2.4 0.00030703352384190894
2.6 0.00030352704908291264
2.8 0.00029980766788205985
3.0 0.0002972191050164692
3.2 0.0002954378842837132
3.4 0.0002963106131438414
3.6 0.0003003170806468501
3.8 0.000310741441890943
4.0 0.00033087195587082845
4.2 0.0003754690305050986
4.4 0.0005195879617817378
4.600000000000001 0.0005227371467012576
4.800000000000001 0.0
5.0 0.0
