0.0 9.566223839922246e-05
0.04673624775310915 0.00028642168160103405
0.09347249550621829 0.0004777008934852998
0.1402087432593274 0.0006632830499789461
0.1869449910124366 0.0008542731491577033
0.2336812387655457 0.0010303991437831995
0.2804174865186549 0.0012198948157144808
0.327153734271764 0.0013804122193231318
0.3738899820248732 0.0015560435435460188
0.4206262297779823 0.0017320131845350334
0.4673624775310914 0.0018780865421958231
0.5140987252842006 0.0020363677678836433
0.5608349730373098 0.002184015604051881
0.6075712207904189 0.0023154163794519697
0.6543074685435281 0.002457300725674453
0.7010437162966372 0.0025889803967623255
0.7477799640497463 0.0026966284541680013
0.7945162118028555 0.0027997712053837993
0.8412524595559646 0.0029254654005068164
0.8879887073090738 0.0030183233584747384
0.9347249550621829 0.003106760732685944
0.981461202815292 0.003203226053497126
1.028197450568401 0.0032799398083937802
1.07493369832151 0.003342328163598631
1.12166994607462 0.003420603550298842
1.168406193827729 0.0034948809242575075
1.215142441580838 0.003549239141327227
1.261878689333947 0.003600337736775445
1.308614937087056 0.003652460979918167
1.355351184840165 0.0037063004151958
1.402087432593274 0.003724438005756734
1.448823680346383 0.003769783496354569
1.495559928099493 0.0038115439420338777
1.542296175852602 0.0038331980709990846
1.589032423605711 0.0038530033542401487
1.63576867135882 0.0038904253270764166
1.682504919111929 0.003914459831535023
1.729241166865038 0.003942220836497843
1.775977414618148 0.00396629482177806
1.822713662371257 0.0039636210726490505
1.869449910124366 0.0039718225921811234
1.916186157877475 0.0039865844471000614
1.962922405630584 0.003996018545347075
2.009658653383693 0.003993610297563723
2.056394901136803 0.004010079201500335
2.103131148889911 0.0040264236217849554
2.149867396643021 0.004033488860997042
2.19660364439613 0.004055389917339808
2.243339892149239 0.004037252546341569
2.290076139902348 0.004050143711258379
2.336812387655457 0.004062998131256831
2.383548635408566 0.004063731790589938
2.430284883161676 0.004053769101308011
2.477021130914785 0.004070618325172461
2.523757378667894 0.004086493035980964
2.570493626421003 0.004090215619065549
2.617229874174112 0.004094365040199839
2.663966121927221 0.004110688625071628
2.71070236968033 0.004111491176389816
2.75743861743344 0.0041097821383260635
2.804174865186549 0.0041338925008974365
2.850911112939658 0.004146399662067086
2.897647360692767 0.004146864070805371
2.944383608445876 0.004167911678903401
2.991119856198985 0.004157160358642177
3.037856103952095 0.004185673760238392
3.084592351705204 0.004196750363918103
3.131328599458313 0.004228127106571206
3.178064847211422 0.004246569173835573
3.224801094964531 0.004269114045674076
3.27153734271764 0.004310070704776131
3.318273590470749 0.004322962424684099
3.365009838223858 0.004342756300178515
3.411746085976968 0.004377638575174954
3.458482333730077 0.004432664038478334
3.505218581483186 0.004449877996774908
3.551954829236295 0.004486489640051783
3.598691076989404 0.004560642855524323
3.645427324742514 0.0046181129936250275
3.692163572495622 0.004674053986377965
3.738899820248732 0.004746403147296549
3.785636068001841 0.004815079947271861
3.83237231575495 0.0048965884626439565
3.879108563508059 0.004994265031186241
3.925844811261168 0.0051028635018798615
3.972581059014277 0.00520311012785464
4.019317306767387 0.005341873998599532
4.066053554520495 0.005513427150799425
4.112789802273605 0.0056777062307365464
4.159526050026714 0.005879438756061036
4.206262297779823 0.006115773630491456
4.252998545532932 0.006396679711724044
4.299734793286041 0.006750543627841652
4.346471041039151 0.007178327573915896
4.39320728879226 0.007720094919785345
4.439943536545369 0.008459860314349994
4.486679784298478 0.009503800254089152
4.533416032051587 0.01117629858099867
4.580152279804697 0.014386521509467108
4.626888527557806 0.03435391258868205
4.673624775310914 0.0
