0.0 0.002552600056004442
0.2 0.007532741383560025
0.4 0.011746645081876183
0.6000000000000001 0.014910527460574278
0.8 0.01701766743713882
1.0 0.018289428067662178
1.2 0.018446686464303343
1.4 0.018205823089294026
1.6 0.017532652137954796
1.8 0.016540227726846705
2.0 0.01533412032249301
2.2 0.0141198426363818
2.4 0.012617611564092657
2.6 0.01144452291342753
2.8 0.010438292216412171
3.0 0.008893673388924488
3.2 0.007863055662147254
3.4 0.006752298555806917
3.6 0.005729053618502618
3.8 0.004162061646003467
4.0 0.00231666004732838
4.2 -0.0014865874690208978
4.4 -0.016851216370969806
4.600000000000001 -0.0865513449781648
4.800000000000001 0.0
5.0 0.0
