0.0 0.0004075635438545964
0.2 0.0011940031641920529
0.4 0.0019059752130120584
0.6000000000000001 0.0025100937618726823
0.8 0.0029892951181190158
1.0 0.003357621269865761
1.2 0.0036071130178844117
1.4 0.003786856368171262
1.6 0.0039019622081120178
1.8 0.003978568539844696
2.0 0.0040251146201125566
2.2 0.004053055144843778
2.4 0.0040747498823671
2.6 0.00409954866341366
2.8 0.004141898743435843
3.0 0.004204638361037045
3.2 0.004299179278632781
3.4 0.004447565049441109
3.6 0.004657971398073844
3.8 0.0049992786751545185
4.0 0.005558449681159735
4.2 0.006618223312513853
4.4 0.009642195509310175
4.600000000000001 0.010100621832482296
4.800000000000001 0.0
5.0 0.0
