-1.0 0.02692370025699022
-0.95 0.04521723673389615
-0.9 0.027997107357435897
-0.85 0.021099879287781998
-0.8 0.01739589173981376
-0.75 0.015204052515991464
-0.7 0.013819600712481154
-0.6499999999999999 0.012907004278308083
-0.6 0.012393829081658191
-0.55 0.012154524447714546
-0.5 0.012148353523333849
-0.45 0.012402664933391547
-0.3999999999999999 0.012924910376509864
-0.35 0.013799502792436866
-0.2999999999999999 0.01520611703925224
-0.25 0.017429898878986973
-0.2 0.02108743184364134
-0.1499999999999999 0.028010532048965038
-0.09999999999999998 0.04520845383680688
-0.04999999999999993 0.026915477742232106
0.0 0.0
