-1.0 0.00214159818190843
-0.95 0.0035433148156394033
-0.9 0.002057955688559538
-0.85 0.0014403605596033117
-0.8 0.0011082133704748125
-0.75 0.0009073029624877483
-0.7 0.0007788900127050473
-0.6499999999999999 0.0006978727334276281
-0.6 0.0006491298718349706
-0.55 0.0006258392305841675
-0.5 0.0006259594987743951
-0.45 0.0006495941666762885
-0.3999999999999999 0.0006977527718766767
-0.35 0.000777577982073678
-0.2999999999999999 0.000908416491044972
-0.25 0.0011089145211222327
-0.2 0.0014396870956039246
-0.1499999999999999 0.0020572788499550096
-0.09999999999999998 0.003545487564401302
-0.04999999999999993 0.002138973241638186
0.0 0.0
