-1.0 0.02906529843889865
-0.95 0.048760551549535555
-0.9 0.030055063045995437
-0.85 0.02254023984738531
-0.8 0.01850410511028857
-0.75 0.016111355478479212
-0.7 0.014598490725186201
-0.6499999999999999 0.013604877011735711
-0.6 0.013042958953493161
-0.55 0.012780363678298714
-0.5 0.012774313022108245
-0.45 0.013052259100067836
-0.3999999999999999 0.013622663148386541
-0.35 0.014577080774510543
-0.2999999999999999 0.016114533530297213
-0.25 0.018538813400109204
-0.2 0.022527118939245267
-0.1499999999999999 0.030067810898920046
-0.09999999999999998 0.04875394140120819
-0.04999999999999993 0.029054450983870293
0.0 0.0
