-1.0 10.939867899893697
-0.95 18.12394585806415
-0.9 10.519633929843701
-0.85 7.36185923382709
-0.8 5.6628559437808805
-0.75 4.642924788251583
-0.7 3.9849049085464614
-0.6499999999999999 3.5670657281094202
-0.6 3.3135712172383265
-0.55 3.2034141870861386
-0.5 3.2073510754338237
-0.45 3.3181170813916516
-0.3999999999999999 3.5602957656580276
-0.35 3.9851463625434977
-0.2999999999999999 4.639409362006291
-0.25 5.666434113963694
-0.2 7.359364233042408
-0.1499999999999999 10.524078383523353
-0.09999999999999998 18.121181946737785
-0.04999999999999993 10.950710172130584
0.0 0.0
