-1.0 -0.3126182703661471
-0.95 -0.10100151160477965
-0.9 0.05800064391718003
-0.85 0.07482181053422296
-0.8 0.07245680775358322
-0.75 0.0644365796880495
-0.7 0.05693460235643973
-0.6499999999999999 0.05045539710217971
-0.6 0.04428761275728691
-0.55 0.04016060072747657
-0.5 0.03686479646010628
-0.45 0.034191556212367816
-0.3999999999999999 0.0331305515496961
-0.35 0.0349738288700809
-0.2999999999999999 0.036931855734889205
-0.25 0.043404099279537346
-0.2 0.05659682913555604
-0.1499999999999999 0.0827829206899598
-0.09999999999999998 0.1414811033205166
-0.04999999999999993 0.0019363565161350516
0.0 0.0
