-1.0 0.026915477742232043
-0.95 0.04520845383680699
-0.9 0.028010532048964976
-0.85 0.021087431843641414
-0.8 0.017429898878986955
-0.75 0.015206117039252188
-0.7 0.013799502792436882
-0.6499999999999999 0.012924910376509864
-0.6 0.012402664933391589
-0.55 0.012148353523333837
-0.5 0.012154524447714558
-0.45 0.01239382908165815
-0.3999999999999999 0.012907004278308083
-0.35 0.013819600712481138
-0.2999999999999999 0.015204052515991516
-0.25 0.017395891739813776
-0.2 0.02109987928778193
-0.1499999999999999 0.027997107357435963
-0.09999999999999998 0.04521723673389605
-0.04999999999999993 0.02692370025699028
0.0 0.0
