-1.0 0.0021389732416381814
-0.95 0.0035454875644013104
-0.9 0.002057278849955005
-0.85 0.0014396870956039295
-0.8 0.0011089145211222316
-0.75 0.000908416491044969
-0.7 0.0007775779820736789
-0.6499999999999999 0.0006977527718766767
-0.6 0.0006495941666762907
-0.55 0.0006259594987743944
-0.5 0.0006258392305841682
-0.45 0.0006491298718349684
-0.3999999999999999 0.0006978727334276281
-0.35 0.0007788900127050464
-0.2999999999999999 0.0009073029624877513
-0.25 0.0011082133704748136
-0.2 0.0014403605596033067
-0.1499999999999999 0.002057955688559543
-0.09999999999999998 0.003543314815639395
-0.04999999999999993 0.0021415981819084347
0.0 0.0
