-1.0 0.029054450983870224
-0.95 0.0487539414012083
-0.9 0.03006781089891998
-0.85 0.022527118939245343
-0.8 0.018538813400109187
-0.75 0.016114533530297157
-0.7 0.01457708077451056
-0.6499999999999999 0.013622663148386541
-0.6 0.01305225910006788
-0.55 0.01277431302210823
-0.5 0.012780363678298726
-0.45 0.013042958953493118
-0.3999999999999999 0.013604877011735711
-0.35 0.014598490725186184
-0.2999999999999999 0.016111355478479267
-0.25 0.01850410511028859
-0.2 0.022540239847385235
-0.1499999999999999 0.030055063045995506
-0.09999999999999998 0.048760551549535444
-0.04999999999999993 0.029065298438898716
0.0 0.0
