-1.0 10.95071017213056
-0.95 18.121181946737828
-0.9 10.52407838352333
-0.85 7.359364233042433
-0.8 5.666434113963688
-0.75 4.639409362006275
-0.7 3.985146362543502
-0.6499999999999999 3.5602957656580276
-0.6 3.318117081391663
-0.55 3.20735107543382
-0.5 3.203414187086142
-0.45 3.3135712172383154
-0.3999999999999999 3.5670657281094202
-0.35 3.984904908546457
-0.2999999999999999 4.642924788251598
-0.25 5.662855943780887
-0.2 7.361859233827065
-0.1499999999999999 10.519633929843724
-0.09999999999999998 18.123945858064108
-0.04999999999999993 10.939867899893724
0.0 0.0
