-1.0 -0.31176285155085093
-0.95 -0.10038812772661893
-0.9 0.0569615856600798
-0.85 0.07607057110186363
-0.8 0.07159589355570803
-0.75 0.06466348297221738
-0.7 0.05677784983375222
-0.6499999999999999 0.05025156046808828
-0.6 0.04450665302040955
-0.55 0.04024139168142957
-0.5 0.03665026127885414
-0.45 0.03423562038237421
-0.3999999999999999 0.03368883653209456
-0.35 0.034505007573562355
-0.2999999999999999 0.037182660836616435
-0.25 0.043600086859353404
-0.2 0.055704527937557424
-0.1499999999999999 0.08316260689515428
-0.09999999999999998 0.1407649296725705
-0.04999999999999993 0.0018156236501262607
0.0 0.0
