0.0 0.6658124833740329
0.09 0.65644989267908
0.18 0.6744818205424921
0.27 0.6439107173602626
0.36 0.6535378641242826
0.45 0.6725662747711975
0.54 0.6528474829205366
0.63 0.6436026983104728
0.72 0.6737423308852075
0.8099999999999999 0.6414585892373235
0.8999999999999999 0.6278100448354501
0.99 0.6388784280649681
1.08 0.57021012539021
1.17 0.5912391986644107
1.26 0.5994490288832739
1.35 0.5285949365152993
1.44 0.5312923140968548
1.53 0.502116501959571
1.62 0.4885181168509526
1.71 0.47494698393069434
1.8 0.414721475107346
1.89 0.3989542603250788
1.98 0.40034126807146436
2.07 0.3657437329116636
2.16 0.34099786856437797
2.25 0.3457732742715409
2.34 0.2707981597280457
2.43 0.19240854832561366
2.52 0.09003950857141106
2.61 0.014660791890013333
2.7 -0.03153525503092085
2.79 -0.04475200665268258
2.88 -0.04291371329296002
2.97 -0.03216012650490969
3.06 -0.020757749703253118
3.15 -0.014271893555838116
3.24 -0.009614111293512629
3.33 -0.006961007686476489
3.42 -0.005804730544291276
3.51 -0.003558565729025185
3.6 -0.0021289880023537444
3.69 -0.0013862790161440056
3.78 -0.0008985890771321265
3.87 -0.0006302073879550577
3.96 -0.00037896218096570574
4.05 -0.00024452993294606925
4.14 -0.0002825269115794917
4.23 -4.9031321741995736e-05
4.32 3.961719228514049e-07
4.41 -0.00019124864784262707
4.5 0.0
