0.0 0.7896018721121977
0.09 0.7891442969380418
0.18 0.7857993038619372
0.27 0.7824167582341445
0.36 0.7748940761259768
0.45 0.7672270290274713
0.54 0.7568716532933795
0.63 0.744899324733011
0.72 0.7305843293864952
0.8099999999999999 0.7145480010885035
0.8999999999999999 0.6958521121046144
0.99 0.6755794539833548
1.08 0.6537274578543553
1.17 0.6288954185899783
1.26 0.603821621077976
1.35 0.5768743539695368
1.44 0.5474469686114394
1.53 0.5181272271738547
1.62 0.48800042890798534
1.71 0.4570332664531276
1.8 0.42566734640225695
1.89 0.3941926999148469
1.98 0.36386069092701345
2.07 0.3329685664359412
2.16 0.3028822028188977
2.25 0.26512069783295206
2.34 0.21737457348679173
2.43 0.15719151153219568
2.52 0.09626952376599122
2.61 0.04970517709312523
2.7 0.021317249400229214
2.79 0.0069357964925202565
2.88 0.001468047315927829
2.97 8.698222334501576e-05
3.06 0.0
3.15 0.0
3.24 0.0
3.33 0.0
3.42 0.0
3.51 0.0
3.6 0.0
3.69 0.0
3.78 0.0
3.87 0.0
3.96 0.0
4.05 0.0
4.14 0.0
4.23 0.0
4.32 0.0
4.41 0.0
4.5 0.0
