0.0 249.14392124285985
0.0625 248.5340799197122
0.125 248.00676956863504
0.1875 246.9782175997566
0.25 245.48970900595646
0.3125 243.76770753947713
0.375 241.91294785352648
0.4375 239.17323863920825
0.5 236.53215154494765
0.5625 233.84924613317727
0.625 230.16914124122837
0.6875 226.61631468420242
0.75 222.49792481607102
0.8125 218.12629287031956
0.875 213.6021043460586
0.9375 209.00512969384044
1.0 204.0957105408382
1.0625 198.94792555203827
1.125 193.47033661762475
1.1875 187.57120328820258
1.25 182.09859164868374
1.3125 176.1339345867047
1.375 170.0845038327165
1.4375 164.14277245684553
1.5 157.75079771745703
1.5625 151.7756445297718
1.625 145.43143765654995
1.6875 139.04512796738305
1.75 132.84232875326077
1.8125 126.34693775408489
1.875 120.03682491193334
1.9375 113.68157241196957
2.0 107.436633335005
2.0625 101.31751530765028
2.125 95.34315240975846
2.1875 89.61742542889931
2.25 83.76725175225246
2.3125 77.98100586262277
2.375 72.45702214045875
2.4375 66.85524128342712
2.5 0.0
