0.0 0.828267347566121
0.09 0.8277241516238306
0.18 0.8244195816752137
0.27 0.8210181215308932
0.36 0.813391493570008
0.45 0.8056170604923336
0.54 0.7951510019304444
0.63 0.7828024658749028
0.72 0.768344343771217
0.8099999999999999 0.7519018744896969
0.8999999999999999 0.7327365384609498
0.99 0.7118519143302782
1.08 0.6891756021186068
1.17 0.6635243863015926
1.26 0.6374943384023809
1.35 0.6093806853344984
1.44 0.5786540221155949
1.53 0.5480822809739389
1.62 0.5165418086122402
1.71 0.48396939713210657
1.8 0.4510579939522421
1.89 0.41780780745417223
1.98 0.38583319313495384
2.07 0.35320851595154024
2.16 0.32137573122067076
2.25 0.28166315935709807
2.34 0.23146309239526255
2.43 0.16822355531344033
2.52 0.10401813047950609
2.61 0.05445521928198809
2.7 0.023737731245435916
2.79 0.007929849733756437
2.88 0.0017188049250650783
2.97 0.00011190618469373071
3.06 0.0
3.15 0.0
3.24 0.0
3.33 0.0
3.42 0.0
3.51 0.0
3.6 0.0
3.69 0.0
3.78 0.0
3.87 0.0
3.96 0.0
4.05 0.0
4.14 0.0
4.23 0.0
4.32 0.0
4.41 0.0
4.5 0.0
