0.0 0.03866547545392329
0.09 0.03857985468578884
0.18 0.038620277813276475
0.27 0.03860136329674865
0.36 0.03849741744403112
0.45 0.03839003146486231
0.54 0.03827934863706494
0.63 0.03790314114189175
0.72 0.03776001438472181
0.8099999999999999 0.03735387340119343
0.8999999999999999 0.03688442635633542
0.99 0.036272460346923385
1.08 0.03544814426425159
1.17 0.0346289677116143
1.26 0.03367271732440488
1.35 0.03250633136496161
1.44 0.03120705350415551
1.53 0.02995505380008411
1.62 0.02854137970425489
1.71 0.026936130678978983
1.8 0.025390647549985136
1.89 0.023615107539325348
1.98 0.021972502207940378
2.07 0.020239949515599067
2.16 0.018493528401773034
2.25 0.016542461524146023
2.34 0.014088518908470809
2.43 0.011032043781244652
2.52 0.0077486067135148625
2.61 0.004750042188862859
2.7 0.0024204818452067023
2.79 0.0009940532412361807
2.88 0.0002507576091372494
2.97 2.4923961348714957e-05
3.06 0.0
3.15 0.0
3.24 0.0
3.33 0.0
3.42 0.0
3.51 0.0
3.6 0.0
3.69 0.0
3.78 0.0
3.87 0.0
3.96 0.0
4.05 0.0
4.14 0.0
4.23 0.0
4.32 0.0
4.41 0.0
4.5 0.0
