0.0 0.04375003847608387
0.0625 0.043596674818335616
0.125 0.04349012523032749
0.1875 0.04339049416232946
0.25 0.04325574688229189
0.3125 0.04293347205188002
0.375 0.04263030411353275
0.4375 0.04223137831991014
0.5 0.04193521818520015
0.5625 0.041464273846835126
0.625 0.04103865137845621
0.6875 0.04039178097514443
0.75 0.039931561635043425
0.8125 0.03930099259101208
0.875 0.03856028667927061
0.9375 0.03793650157238895
1.0 0.037061469363264446
1.0625 0.03624620198456673
1.125 0.0354017924855939
1.1875 0.03445456246756898
1.25 0.03356250854061756
1.3125 0.03259294864218548
1.375 0.031439078723250385
1.4375 0.03042195371424989
1.5 0.029299748902708173
1.5625 0.028234311785746494
1.625 0.026997177278522428
1.6875 0.025715334805770113
1.75 0.02455077451615882
1.8125 0.02334714627914673
1.875 0.022099668372659753
1.9375 0.02085012182166999
2.0 0.019704260503418006
2.0625 0.018346553179673146
2.125 0.017252034298881665
2.1875 0.015963746834018668
2.25 0.014819292986802271
2.3125 0.013699115500425497
2.375 0.012520655001084544
2.4375 0.01140664747882645
2.5 0.0
