0.0 234.3643152925178
0.09 234.06701680468714
0.18 233.25549877585905
0.27 231.83101582896964
0.36 230.30217113354823
0.45 227.97974834394972
0.54 225.19279180631185
0.63 221.60656566297217
0.72 217.72124970702012
0.8099999999999999 213.19319668164033
0.8999999999999999 207.95923517664485
0.99 202.2658808825132
1.08 195.80318662144393
1.17 189.1182121656974
1.26 181.463380123393
1.35 173.90628361734093
1.44 165.83381677861743
1.53 157.38912740265891
1.62 148.8417959398371
1.71 140.15166177477047
1.8 131.21317285936428
1.89 122.26861339479792
1.98 113.42053471924325
2.07 104.63470221841388
2.16 95.736864621965
2.25 85.04143659554104
2.34 70.63237083242899
2.43 52.327341556832245
2.52 32.99874929853222
2.61 17.638340274066337
2.7 7.754723495110096
2.79 2.6571656962830756
2.88 0.5777400854668175
2.97 0.043617751777545524
3.06 0.0
3.15 0.0
3.24 0.0
3.33 0.0
3.42 0.0
3.51 0.0
3.6 0.0
3.69 0.0
3.78 0.0
3.87 0.0
3.96 0.0
4.05 0.0
4.14 0.0
4.23 0.0
4.32 0.0
4.41 0.0
4.5 0.0
