0.0 0.8359425997963469
0.0625 0.8333369564632851
0.125 0.8316857978572272
0.1875 0.8270693472486994
0.25 0.8233677476050087
0.3125 0.8168092367089331
0.375 0.8107494577631077
0.4375 0.8021563654240715
0.5 0.7915268375923321
0.5625 0.7825173633776004
0.625 0.770251262263171
0.6875 0.7567495456615398
0.75 0.7436175302469493
0.8125 0.7299684645796773
0.875 0.7137178482610085
0.9375 0.6974016655541139
1.0 0.6807435748063821
1.0625 0.6634789668862742
1.125 0.643780360578811
1.1875 0.6243366635855079
1.25 0.60443549947104
1.3125 0.5841968567187305
1.375 0.5637410229243672
1.4375 0.5413500721610941
1.5 0.5204894060405935
1.5625 0.4978344239645849
1.625 0.47645490562887005
1.6875 0.45432363473692505
1.75 0.4320273302499364
1.8125 0.4094951570737837
1.875 0.38773348298153154
1.9375 0.3659635991446475
2.0 0.34406049165858454
2.0625 0.3242427260140648
2.125 0.3025571336348286
2.1875 0.2816466493403367
2.25 0.26284384360596763
2.3125 0.24314020546192602
2.375 0.22456680735415813
2.4375 0.207285027177933
2.5 0.0
