0.0 0.8796926382724307
0.0625 0.8769336312816207
0.125 0.8751759230875547
0.1875 0.8704598414110288
0.25 0.8666234944873006
0.3125 0.8597427087608132
0.375 0.8533797618766404
0.4375 0.8443877437439817
0.5 0.8334620557775323
0.5625 0.8239816372244355
0.625 0.8112899136416272
0.6875 0.7971413266366842
0.75 0.7835490918819927
0.8125 0.7692694571706894
0.875 0.7522781349402791
0.9375 0.7353381671265028
1.0 0.7178050441696466
1.0625 0.6997251688708409
1.125 0.679182153064405
1.1875 0.6587912260530768
1.25 0.6379980080116576
1.3125 0.616789805360916
1.375 0.5951801016476176
1.4375 0.571772025875344
1.5 0.5497891549433016
1.5625 0.5260687357503314
1.625 0.5034520829073925
1.6875 0.48003896954269515
1.75 0.4565781047660952
1.8125 0.43284230335293045
1.875 0.4098331513541913
1.9375 0.3868137209663175
2.0 0.36376475216200255
2.0625 0.34258927919373794
2.125 0.3198091679337103
2.1875 0.29761039617435536
2.25 0.2776631365927699
2.3125 0.2568393209623515
2.375 0.23708746235524267
2.4375 0.21869167465675945
2.5 0.0
