0.0 0.7086919769562654
0.0625 0.7141013450856614
0.125 0.7077980377396486
0.1875 0.7174356705844507
0.25 0.708007791357584
0.3125 0.7030715678972799
0.375 0.7085365047976513
0.4375 0.684291086941859
0.5 0.6851390054077529
0.5625 0.6692365760443383
0.625 0.658186595431054
0.6875 0.6570253843288298
0.75 0.6491054766321214
0.8125 0.6438422833207028
0.875 0.6350076434491341
0.9375 0.6232875025061713
1.0 0.6066505723893839
1.0625 0.591227928175658
1.125 0.5796277868946349
1.1875 0.569692153301855
1.25 0.5457535689651211
1.3125 0.5392090030118089
1.375 0.516277072960863
1.4375 0.5092099155127577
1.5 0.4814672790273465
1.5625 0.47639215973451665
1.625 0.4662458969568627
1.6875 0.4362066611489079
1.75 0.4288175826269056
1.8125 0.40651011605978876
1.875 0.39465766046708745
1.9375 0.3769461425957179
2.0 0.3592668649286412
2.0625 0.33766901803485894
2.125 0.3340609805387208
2.1875 0.3092235410513071
2.25 0.2973947567195081
2.3125 0.28928577361854857
2.375 0.2579475718851808
2.4375 0.2538938383471924
2.5 0.0
