0.0 17.250869965681176
0.01 16.79562013178316
0.02 15.703349121811076
0.03 14.183715082315423
0.04 12.767115599767804
0.05 11.377801936671183
0.06 9.560739106944013
0.07 8.23355717618132
0.08 6.829624256295007
0.09 5.6203044470510495
0.1 4.379623610899899
0.11 3.4735818860753187
0.12 2.589913619264889
0.13 1.9739966376051363
0.14 1.3709350377906762
0.15 0.9277596415203981
0.16 0.5689104350491875
0.17 0.34230657492607064
0.18 0.1381415862450619
0.19 0.015749378496204336
0.2 -0.05911941249355884
0.21 -0.10223810604061048
0.22 -0.12531171026124108
0.23 -0.13361175758094174
0.24 -0.12109939485307958
0.25 -0.10703124882188284
0.26 -0.0890751104880609
0.27 -0.08544705739100304
0.28 -0.06901246935073571
0.29 -0.06038567164594633
0.3 -0.05589933556517646
0.31 -0.03786640148371593
0.32 -0.0335481849571797
0.33 -0.026939595900818503
0.34 -0.02453518898823633
0.35 -0.009847904075567028
0.36 -0.014421509088212079
0.37 -0.008605975927553798
0.38 -0.008806793871595378
0.39 -0.0020113707021974523
0.4 -0.002554584134037848
0.41 0.00029771274561701697
0.42 -0.0004296654116020433
0.43 0.0019456427916002253
0.44 0.0034972961895075685
0.45 0.0049558797129206494
0.46 0.005567190691704654
0.47 0.0027885931570810767
0.48 0.0022715367082855598
0.49 0.005396292400901184
0.5 0.004400814810683501
0.51 0.002673175607658319
0.52 0.0014913202451357424
0.53 0.004112344205952026
0.54 0.00196719761025104
0.55 0.002656610925208603
0.56 0.0031469334555051407
0.5700000000000001 -7.225787350199876e-05
0.58 0.002161428440431933
0.59 0.002498621985419424
0.6 -0.0010839136292421438
0.61 -0.0008706699781067938
0.62 0.00020185769239805358
0.63 0.0006568648755283113
0.64 -0.0004909916714661469
0.65 -0.0016070513327330286
0.66 -0.0008617253566813875
0.67 -0.002264339251920159
0.68 -0.001937740143409059
0.6900000000000001 -0.004178367247450317
0.7000000000000001 -0.004588559724571664
0.71 -0.002057238597982182
0.72 -0.002756858350658098
0.73 -0.004950306792555083
0.74 -0.004518520364908445
0.75 -0.006430259667217533
0.76 -0.007088234590346685
0.77 -0.005930463248069328
0.78 -0.005253091834708581
0.79 -0.006096563734134361
0.8 -0.006807920457814946
0.81 -0.008342014609899763
0.8200000000000001 -0.007969010546646215
0.8300000000000001 -0.00620297270829124
0.84 -0.00741024072574989
0.85 -0.009168796513279913
0.86 -0.00903759558091556
0.87 -0.009450685746853593
0.88 -0.009651743549655856
0.89 -0.01182672579218045
0.9 -0.009075479142713772
0.91 -0.010402197292307007
0.92 -0.010588467934398334
0.93 -0.010303004919700631
0.9400000000000001 -0.010832032141076928
0.9500000000000001 -0.010213740308181484
0.96 -0.010385139472113144
0.97 -0.00940703055252677
0.98 -0.009636336868802569
0.99 -0.011266475379232773
1.0 0.0
