0.0 17.935205861762018
0.01 17.440786435607357
0.02 16.57679014333438
0.03 15.373798673831072
0.04 14.004268684021522
0.05 12.5296350263724
0.06 11.038944540527341
0.07 9.541591208879066
0.08 8.127439665349485
0.09 6.7954413502727515
0.1 5.591616295890022
0.11 4.522095956563801
0.12 3.5957831889864402
0.13 2.7955805885203913
0.14 2.1271602709964834
0.15 1.5804876583633316
0.16 1.150702222144045
0.17 0.8092345941187941
0.18 0.5508875128309249
0.19 0.3609546638010872
0.2 0.22401600426702387
0.21 0.1321801448212871
0.22 0.07111177973384662
0.23 0.03547369606843626
0.24 0.015465888642222137
0.25 0.00556989421415589
0.26 0.0014481447408959407
0.27 0.00020486548625757778
0.28 3.0022831792317187e-06
0.29 0.0
0.3 0.0
0.31 0.0
0.32 0.0
0.33 0.0
0.34 0.0
0.35 0.0
0.36 0.0
0.37 0.0
0.38 0.0
0.39 0.0
0.4 0.0
0.41 0.0
0.42 0.0
0.43 0.0
0.44 0.0
0.45 0.0
0.46 0.0
0.47 0.0
0.48 0.0
0.49 0.0
0.5 0.0
0.51 0.0
0.52 0.0
0.53 0.0
0.54 0.0
0.55 0.0
0.56 0.0
0.5700000000000001 0.0
0.58 0.0
0.59 0.0
0.6 0.0
0.61 0.0
0.62 0.0
0.63 0.0
0.64 0.0
0.65 0.0
0.66 0.0
0.67 0.0
0.68 0.0
0.6900000000000001 0.0
0.7000000000000001 0.0
0.71 0.0
0.72 0.0
0.73 0.0
0.74 0.0
0.75 0.0
0.76 0.0
0.77 0.0
0.78 0.0
0.79 0.0
0.8 0.0
0.81 0.0
0.8200000000000001 0.0
0.8300000000000001 0.0
0.84 0.0
0.85 0.0
0.86 0.0
0.87 0.0
0.88 0.0
0.89 0.0
0.9 0.0
0.91 0.0
0.92 0.0
0.93 0.0
0.9400000000000001 0.0
0.9500000000000001 0.0
0.96 0.0
0.97 0.0
0.98 0.0
0.99 0.0
1.0 0.0
