0.0 5285.636909734143
0.01 5132.856987917134
0.02 4854.358151747226
0.03 4487.162383476808
0.04 4065.188552732677
0.05 3617.5074929150624
0.06 3160.4155538398118
0.07 2711.757631759701
0.08 2291.1218508441393
0.09 1899.6763418902829
0.1 1550.1364627571897
0.11 1237.558348575417
0.12 970.211071938101
0.13 746.235071611227
0.14 559.6113337761565
0.15 412.84523291274564
0.16 294.80204802365546
0.17 204.8507183547126
0.18 137.05240541562654
0.19 88.0699848043293
0.2 54.381755206410176
0.21 31.403427936834316
0.22 16.654376972191976
0.23 8.182170753023572
0.24 3.480932126222423
0.25 1.2120934535970778
0.26 0.3041261412807949
0.27 0.04718993696686351
0.28 0.003107729026754965
0.29 0.0
0.3 0.0
0.31 0.0
0.32 0.0
0.33 0.0
0.34 0.0
0.35 0.0
0.36 0.0
0.37 0.0
0.38 0.0
0.39 0.0
0.4 0.0
0.41 0.0
0.42 0.0
0.43 0.0
0.44 0.0
0.45 0.0
0.46 0.0
0.47 0.0
0.48 0.0
0.49 0.0
0.5 0.0
0.51 0.0
0.52 0.0
0.53 0.0
0.54 0.0
0.55 0.0
0.56 0.0
0.5700000000000001 0.0
0.58 0.0
0.59 0.0
0.6 0.0
0.61 0.0
0.62 0.0
0.63 0.0
0.64 0.0
0.65 0.0
0.66 0.0
0.67 0.0
0.68 0.0
0.6900000000000001 0.0
0.7000000000000001 0.0
0.71 0.0
0.72 0.0
0.73 0.0
0.74 0.0
0.75 0.0
0.76 0.0
0.77 0.0
0.78 0.0
0.79 0.0
0.8 0.0
0.81 0.0
0.8200000000000001 0.0
0.8300000000000001 0.0
0.84 0.0
0.85 0.0
0.86 0.0
0.87 0.0
0.88 0.0
0.89 0.0
0.9 0.0
0.91 0.0
0.92 0.0
0.93 0.0
0.9400000000000001 0.0
0.9500000000000001 0.0
0.96 0.0
0.97 0.0
0.98 0.0
0.99 0.0
1.0 0.0
