0.0 0.8060309499009208
0.01 0.792666702999209
0.02 0.7679010802335032
0.03 0.7338723056012846
0.04 0.6884726773699653
0.05 0.6370036141695848
0.06 0.579391705452209
0.07 0.5186422795827651
0.08 0.45582431618367497
0.09 0.3946319312875673
0.1 0.33525340870745796
0.11 0.27906120320671934
0.12 0.2283171772167564
0.13 0.18215701533200926
0.14 0.1420334318973494
0.15 0.10806718719975096
0.16 0.07979774754580954
0.17 0.056921009493781434
0.18 0.03914424668845173
0.19 0.025927130423920846
0.2 0.01620179364150211
0.21 0.00959505024739423
0.22 0.005256457549223498
0.23 0.0026071070321636095
0.24 0.0011166812397821733
0.25 0.0003882283110139387
0.26 0.00010346466815333711
0.27 1.7238839211894292e-05
0.28 6.478839476279966e-07
0.29 0.0
0.3 0.0
0.31 0.0
0.32 0.0
0.33 0.0
0.34 0.0
0.35 0.0
0.36 0.0
0.37 0.0
0.38 0.0
0.39 0.0
0.4 0.0
0.41 0.0
0.42 0.0
0.43 0.0
0.44 0.0
0.45 0.0
0.46 0.0
0.47 0.0
0.48 0.0
0.49 0.0
0.5 0.0
0.51 0.0
0.52 0.0
0.53 0.0
0.54 0.0
0.55 0.0
0.56 0.0
0.5700000000000001 0.0
0.58 0.0
0.59 0.0
0.6 0.0
0.61 0.0
0.62 0.0
0.63 0.0
0.64 0.0
0.65 0.0
0.66 0.0
0.67 0.0
0.68 0.0
0.6900000000000001 0.0
0.7000000000000001 0.0
0.71 0.0
0.72 0.0
0.73 0.0
0.74 0.0
0.75 0.0
0.76 0.0
0.77 0.0
0.78 0.0
0.79 0.0
0.8 0.0
0.81 0.0
0.8200000000000001 0.0
0.8300000000000001 0.0
0.84 0.0
0.85 0.0
0.86 0.0
0.87 0.0
0.88 0.0
0.89 0.0
0.9 0.0
0.91 0.0
0.92 0.0
0.93 0.0
0.9400000000000001 0.0
0.9500000000000001 0.0
0.96 0.0
0.97 0.0
0.98 0.0
0.99 0.0
1.0 0.0
