0.0 17.129174911861096
0.01 16.648119732608148
0.02 15.80888906310088
0.03 14.639926368229787
0.04 13.315796006651556
0.05 11.892631412202816
0.06 10.459552835075131
0.07 9.0229489292963
0.08 7.67161534916581
0.09 6.400809418985184
0.1 5.256362887182564
0.11 4.243034753357081
0.12 3.3674660117696837
0.13 2.613423573188382
0.14 1.9851268390991341
0.15 1.4724204711635807
0.16 1.0709044745982355
0.17 0.7523135846250126
0.18 0.5117432661424731
0.19 0.33502753337716634
0.2 0.20781421062552174
0.21 0.12258509457389286
0.22 0.06585532218462313
0.23 0.03286658903627265
0.24 0.014349207402439964
0.25 0.005181665903141951
0.26 0.0013446800727426036
0.27 0.00018762664704568348
0.28 2.354399231603722e-06
0.29 0.0
0.3 0.0
0.31 0.0
0.32 0.0
0.33 0.0
0.34 0.0
0.35 0.0
0.36 0.0
0.37 0.0
0.38 0.0
0.39 0.0
0.4 0.0
0.41 0.0
0.42 0.0
0.43 0.0
0.44 0.0
0.45 0.0
0.46 0.0
0.47 0.0
0.48 0.0
0.49 0.0
0.5 0.0
0.51 0.0
0.52 0.0
0.53 0.0
0.54 0.0
0.55 0.0
0.56 0.0
0.5700000000000001 0.0
0.58 0.0
0.59 0.0
0.6 0.0
0.61 0.0
0.62 0.0
0.63 0.0
0.64 0.0
0.65 0.0
0.66 0.0
0.67 0.0
0.68 0.0
0.6900000000000001 0.0
0.7000000000000001 0.0
0.71 0.0
0.72 0.0
0.73 0.0
0.74 0.0
0.75 0.0
0.76 0.0
0.77 0.0
0.78 0.0
0.79 0.0
0.8 0.0
0.81 0.0
0.8200000000000001 0.0
0.8300000000000001 0.0
0.84 0.0
0.85 0.0
0.86 0.0
0.87 0.0
0.88 0.0
0.89 0.0
0.9 0.0
0.91 0.0
0.92 0.0
0.93 0.0
0.9400000000000001 0.0
0.9500000000000001 0.0
0.96 0.0
0.97 0.0
0.98 0.0
0.99 0.0
1.0 0.0
