-1.0 5.23762414182666
-0.92 3.0526985239352826
-0.84 2.2998202610589926
-0.76 1.924086554806196
-0.6799999999999999 1.6368240561191088
-0.6 1.4295872941851475
-0.52 1.23748655712472
-0.4399999999999999 1.2060072947670877
-0.36 1.1133128570786563
-0.28 1.0053996759605233
-0.2 0.9747511606500832
-0.12 0.9093695051145694
-0.04000000000000004 0.8748325222082594
0.04000000000000004 0.8280915800366202
0.1200000000000001 0.773629021518118
0.2 0.7597273095923649
0.28 0.7167291865935397
0.3600000000000001 0.7174954382816087
0.4399999999999999 0.7151213379021027
0.52 0.6603202748394639
0.6000000000000001 0.6656102183642546
0.6799999999999999 0.6483213703792696
0.76 0.6383535780650099
0.8400000000000001 0.604593231593383
0.9199999999999999 0.600684729961994
1.0 0.5882602558797578
