-1.0 3.68061537718034
-0.92 2.630484994493602
-0.84 2.1003555028679726
-0.76 1.7677103278637727
-0.6799999999999999 1.5357333512644955
-0.6 1.36932512625929
-0.52 1.2417873184092314
-0.4399999999999999 1.145177800050007
-0.36 1.0650736806905663
-0.28 1.001648763224283
-0.2 0.9499367960423658
-0.12 0.9024795232224617
-0.04000000000000004 0.8653706522804248
0.04000000000000004 0.8326321222595712
0.1200000000000001 0.8019727308950074
0.2 0.7772069827594906
0.28 0.7562632916621194
0.3600000000000001 0.7332867139783975
0.4399999999999999 0.7166336097924472
0.52 0.7015415272707234
0.6000000000000001 0.6877861771439783
0.6799999999999999 0.672006361775385
0.76 0.6611210252912205
0.8400000000000001 0.6490973996049918
0.9199999999999999 0.6380506569551629
1.0 0.629694178048986
