-1.0 0.1301576563329824
-0.92 0.10800267483113718
-0.84 0.09219282771402328
-0.76 0.08026872590500185
-0.6799999999999999 0.07088830557572061
-0.6 0.063839180229214
-0.52 0.058309649052112875
-0.4399999999999999 0.0536494261978981
-0.36 0.05010441647294582
-0.28 0.0470322893629928
-0.2 0.04456626234930838
-0.12 0.04254070509948031
-0.04000000000000004 0.040863164187017985
0.04000000000000004 0.03937197392876049
0.1200000000000001 0.03807529288148919
0.2 0.03701969183653786
0.28 0.03601921495985809
0.3600000000000001 0.03524186650585089
0.4399999999999999 0.03448949620065494
0.52 0.03380297260955734
0.6000000000000001 0.03332838326474748
0.6799999999999999 0.03272024193829319
0.76 0.03222876120784236
0.8400000000000001 0.03179333370526566
0.9199999999999999 0.031358181841831936
1.0 0.03094591400589084
