-1.0 815.7696162756913
-0.92 411.48247469574414
-0.84 303.29267209152783
-0.76 253.19061283730997
-0.6799999999999999 223.5104124396176
-0.6 204.70081364098127
-0.52 191.45300211417882
-0.4399999999999999 181.61748025858924
-0.36 174.96375118481623
-0.28 169.49774213558396
-0.2 166.43431896218524
-0.12 164.43161019233213
-0.04000000000000004 163.43860488754643
0.04000000000000004 163.73323780058945
0.1200000000000001 165.27010560134528
0.2 167.72972471168413
0.28 171.33811891003143
0.3600000000000001 176.39110110000766
0.4399999999999999 182.6024183935165
0.52 190.42352793149604
0.6000000000000001 199.75936016723432
0.6799999999999999 209.44900414553476
0.76 214.84230908212348
0.8400000000000001 186.69503108805918
0.9199999999999999 25.823413762538845
1.0 0.0
