-1.0 3.810773033513322
-0.92 2.7384876693247393
-0.84 2.192548330581996
-0.76 1.8479790537687746
-0.6799999999999999 1.606621656840216
-0.6 1.433164306488504
-0.52 1.3000969674613443
-0.4399999999999999 1.1988272262479052
-0.36 1.1151780971635121
-0.28 1.0486810525872758
-0.2 0.9945030583916742
-0.12 0.945020228321942
-0.04000000000000004 0.9062338164674427
0.04000000000000004 0.8720040961883316
0.1200000000000001 0.8400480237764966
0.2 0.8142266745960285
0.28 0.7922825066219774
0.3600000000000001 0.7685285804842484
0.4399999999999999 0.7511231059931021
0.52 0.7353444998802807
0.6000000000000001 0.7211145604087258
0.6799999999999999 0.7047266037136781
0.76 0.6933497864990629
0.8400000000000001 0.6808907333102574
0.9199999999999999 0.6694088387969949
1.0 0.6606400920548768
