0.0 0.0
1.0 0.0
2.0 0.0
3.0 0.0
4.0 0.00018501219691113187
5.0 1.714720521724054
6.0 13.189332046426678
7.0 27.839304720409217
8.0 36.816100791027786
9.0 39.62236981570285
10.0 38.5736624965231
11.0 35.525516221442665
12.0 31.76356001372782
13.0 27.85842322707896
14.0 24.22649129727357
15.0 20.898800549618088
16.0 17.992129783687698
17.0 15.487629807446627
18.0 13.349779907619558
19.0 11.498943960270314
20.0 9.923269824804565
21.0 8.589103455926287
22.0 7.436870088601052
23.0 6.458415842859836
24.0 5.6160770917714125
25.0 4.898715764155881
26.0 4.287493992791082
27.0 3.7558671474749463
28.0 3.2985296891382427
29.0 2.9122823205665322
30.0 2.559838268367434
31.0 2.2662047250257453
32.0 2.006874841849715
33.0 1.7780400129639824
34.0 1.5840495199466074
35.0 1.402155178967897
36.0 1.2508994783400968
37.0 1.1225590041953435
38.0 1.002344141530857
39.0 0.894539488001401
40.0 0.8058399268814438
41.0 0.7225474026125166
42.0 0.6553874815020923
43.0 0.5914989150334774
44.0 0.5316694029769566
45.0 0.4786244821894462
46.0 0.43181839842395187
47.0 0.39208385438518256
48.0 0.3561214717605479
49.0 0.3187430442008399
50.0 0.29289901656146633
51.0 0.26567165492972356
52.0 0.24151885355038838
53.0 0.2201651758546797
54.0 0.19852785836736442
55.0 0.18283476235375473
56.0 0.1670086052339652
57.0 0.15483565224790963
58.0 0.1396546388856915
59.0 0.12670437741566495
60.0 0.11711840252544155
61.0 0.10762093741970397
62.0 0.09922261172135491
63.0 0.0886093368741139
64.0 0.08481903046964825
65.0 0.07598442339650545
66.0 0.07028577215202257
67.0 0.06577721074964897
68.0 0.05900466891709836
69.0 0.055747977797094186
70.0 0.051093196310227844
71.0 0.04724704909722674
72.0 0.04375877424435752
73.0 0.03995720634093292
74.0 0.03779194852235514
75.0 0.0348920204160041
76.0 0.031655301359616486
77.0 0.029847699772846115
78.0 0.027357639725122652
79.0 0.026154739182865046
80.0 0.022827547029074774
81.0 0.021480673536630676
82.0 0.020694509791472047
83.0 0.0187922812464033
84.0 0.016921504202411824
85.0 0.01665959216488396
86.0 0.015258876926042178
87.0 0.014427639359540041
88.0 0.013165766534569787
89.0 0.012941797856057535
90.0 0.01209075682642116
91.0 0.010936140070195052
92.0 0.009886958905749576
93.0 0.009571048806727253
94.0 0.008385069484724117
95.0 0.008221802112353052
96.0 0.008181784116220689
97.0 0.0072458834997782195
98.0 0.007012307309952573
99.0 0.006184027533408843
100.0 0.00600431316055091
101.0 0.00565950256694938
102.0 0.0048880644017855295
103.0 0.0046353380475522106
104.0 0.004438876020769269
105.0 0.004336642211071109
106.0 0.00397134030995117
107.0 0.004560603463474512
108.0 0.0032099590977790584
109.0 0.003420871582883884
110.0 0.0027721217979068055
111.0 0.002817658855972709
112.0 0.002707849839423444
113.0 0.0023565961628284004
114.0 0.002443998166381524
115.0 0.0021052571437192454
116.0 0.002189442505029317
117.0 0.001723399728671575
118.0 0.0017524720247603998
119.0 0.0017090367597528311
120.0 0.001746336316832822
121.0 0.0015935849060784769
122.0 0.001586336989175171
123.0 0.0012988365567511034
124.0 0.0013786390559885626
125.0 0.001197545325079305
126.0 0.0012274389515833464
127.0 0.0012715673034418692
128.0 0.0009500416724117604
129.0 0.0008880939416462341
130.0 0.0008219425673639947
131.0 0.0008796065923790437
132.0 0.0006826157300411548
133.0 0.0008233519596268292
134.0 0.000711123646146929
135.0 0.0006118478463221338
136.0 0.000555631110408847
137.0 0.0005721405016880444
138.0 0.0006279562982272192
139.0 0.0005545690946330298
140.0 0.0
