0.0 0.0
1.0 0.0
2.0 0.0
3.0 0.0
4.0 2.6669077402776468e-06
5.0 0.008473688729848975
6.0 0.054087772726759895
7.0 0.1033891198204758
8.0 0.13067075711854303
9.0 0.13816216721211116
10.0 0.13350783806546937
11.0 0.12278419786346857
12.0 0.10956460434268292
13.0 0.09615132751173025
14.0 0.08364003798233556
15.0 0.07223911559722562
16.0 0.06203882122185423
17.0 0.05334291186433635
18.0 0.04592166061740899
19.0 0.03947032971251178
20.0 0.03396474531248872
21.0 0.029328665690628246
22.0 0.025362939025982082
23.0 0.022006188535532815
24.0 0.019120998387652393
25.0 0.01662623531577041
26.0 0.014500729559905582
27.0 0.012678683299974609
28.0 0.011140405474259842
29.0 0.009766687464626009
30.0 0.00860058700537554
31.0 0.007551445573012899
32.0 0.006679023040555486
33.0 0.0059139993782211546
34.0 0.005250078297387581
35.0 0.004644362045996872
36.0 0.004166695133716634
37.0 0.0037065065306304728
38.0 0.0033328388320361304
39.0 0.0029510421179179173
40.0 0.002644133260560788
41.0 0.0023826669964213147
42.0 0.002128850567693745
43.0 0.0019212186176658385
44.0 0.0017260985271452041
45.0 0.0015490987228178263
46.0 0.001407237630905561
47.0 0.0012575519144933719
48.0 0.0011476845558539264
49.0 0.001043969235551592
50.0 0.0009553564889815595
51.0 0.0008582014602063105
52.0 0.0007888734232513422
53.0 0.000717640243907574
54.0 0.0006443429718308501
55.0 0.0005827259114221182
56.0 0.0005447328053654664
57.0 0.0004981792064464448
58.0 0.0004513290081753939
59.0 0.00040852934417183424
60.0 0.00037780827778319476
61.0 0.00034199528178110674
62.0 0.00032794648106646853
63.0 0.0003016233319391302
64.0 0.000271399419378782
65.0 0.00025008165510569206
66.0 0.0002244293802001697
67.0 0.00020559849570253697
68.0 0.0001886449337216989
69.0 0.00017553438187540676
70.0 0.00016208596542356316
71.0 0.00014937092404851933
72.0 0.0001385824620407171
73.0 0.0001315113905432006
74.0 0.00012305995133527313
75.0 0.00011671806317951766
76.0 0.00010474707733845234
77.0 8.771987492281274e-05
78.0 8.546180179018198e-05
79.0 7.784729545053788e-05
80.0 7.741079613963598e-05
81.0 6.71675609829805e-05
82.0 6.458845090057149e-05
83.0 5.7146666058475414e-05
84.0 5.662100779783012e-05
85.0 5.0281103038888675e-05
86.0 4.547732005384743e-05
87.0 4.443555545190006e-05
88.0 4.1053339190567596e-05
89.0 3.605621631411015e-05
90.0 3.332529612534147e-05
91.0 2.8176207923485056e-05
92.0 2.996077222730693e-05
93.0 2.866843924559016e-05
94.0 2.6493213881892525e-05
95.0 2.680357827876457e-05
96.0 2.5533970837901784e-05
97.0 2.1335044003745466e-05
98.0 2.1851823571379047e-05
99.0 1.9806241522685155e-05
100.0 1.879738305162429e-05
101.0 1.7100021868892316e-05
102.0 1.4582215979197892e-05
103.0 1.4709630498016117e-05
104.0 1.2988014215190892e-05
105.0 1.2621587179621216e-05
106.0 1.213358003076149e-05
107.0 1.0734372596602405e-05
108.0 9.589593875415488e-06
109.0 1.0301015561909615e-05
110.0 1.0559886518656231e-05
111.0 1.0063785655067337e-05
112.0 7.926543344506757e-06
113.0 8.090321578530113e-06
114.0 7.53253561981399e-06
115.0 6.856557875165278e-06
116.0 6.102626101633795e-06
117.0 5.454066962027434e-06
118.0 5.7207737888549795e-06
119.0 5.2031825450074176e-06
120.0 5.235046270016655e-06
121.0 4.344818502117798e-06
122.0 5.02544609197821e-06
123.0 4.141939675788378e-06
124.0 4.922847660212203e-06
125.0 4.0692989559759385e-06
126.0 3.4479726436667435e-06
127.0 3.1527700654150134e-06
128.0 2.4535815166047366e-06
129.0 2.2308498729248977e-06
130.0 3.17204501326075e-06
131.0 2.788564590727295e-06
132.0 2.2021522974804743e-06
133.0 2.286481548521521e-06
134.0 2.367870020583027e-06
135.0 2.28746387805282e-06
136.0 1.9136112424775056e-06
137.0 2.0657006408469954e-06
138.0 1.3771336981909858e-06
139.0 1.1383815799876298e-06
140.0 0.0
