0.0 0.0
1.0 0.0
2.0 0.0
3.0 0.0
4.0 2.516129464029557e-06
5.0 0.0036722758311281294
6.0 0.015460944039753495
7.0 0.018227508180477355
8.0 0.014281728620754192
9.0 0.009690266938130493
10.0 0.006231619299874399
11.0 0.003942122328057205
12.0 0.0025027566796489496
13.0 0.0016017374547573583
14.0 0.0010420825282027042
15.0 0.0006842146672457093
16.0 0.0004569336231836384
17.0 0.00030981471748195026
18.0 0.00021355022159438546
19.0 0.00014949879465495382
20.0 0.0001041107969523383
21.0 7.529337799068563e-05
22.0 5.486929696514722e-05
23.0 3.902824284908844e-05
24.0 2.9085188416286794e-05
25.0 2.140680156075968e-05
26.0 1.6490130400873892e-05
27.0 1.2156439277441137e-05
28.0 9.239686623779004e-06
29.0 6.941661930780128e-06
30.0 5.425126043656487e-06
31.0 4.0247392564507264e-06
32.0 3.2938935356617448e-06
33.0 2.542953668257677e-06
34.0 2.091359581444687e-06
35.0 1.6153526014110375e-06
36.0 1.2770940542503809e-06
37.0 1.0181625359251207e-06
38.0 7.716647722043457e-07
39.0 6.522744259955557e-07
40.0 5.20539334372297e-07
41.0 4.5366013404785314e-07
42.0 3.7205154556466244e-07
43.0 2.9785554657640993e-07
44.0 2.3793536111994133e-07
45.0 1.994822698125065e-07
46.0 1.6589576016826608e-07
47.0 1.3572038088874813e-07
48.0 1.1389628298700614e-07
49.0 9.246240506150666e-08
50.0 8.260413670472941e-08
51.0 6.470210895068511e-08
52.0 5.5721293231119455e-08
53.0 4.569064774991489e-08
54.0 4.00780042429243e-08
55.0 3.596579125939945e-08
56.0 2.9331396325737882e-08
57.0 2.416034397831719e-08
58.0 2.1519112653466045e-08
59.0 1.997767526447113e-08
60.0 1.4346094352170205e-08
61.0 1.8950215804580033e-08
62.0 1.123489243953075e-08
63.0 9.992298048875828e-09
64.0 8.729230379923928e-09
65.0 7.2401007078738144e-09
66.0 5.852126777316101e-09
67.0 6.197985674946166e-09
68.0 5.0789936217008046e-09
69.0 4.07984772523967e-09
70.0 3.2765111135685726e-09
71.0 5.204514931783939e-09
72.0 3.1242866807231836e-09
73.0 2.230732598456325e-09
74.0 2.3512238542943016e-09
75.0 2.2902355001308608e-09
76.0 1.4646717053165737e-09
77.0 1.3442101325960782e-09
78.0 1.3673421932880768e-09
79.0 1.1449837980775639e-09
80.0 1.1843743670461504e-09
81.0 8.794974608390314e-10
82.0 7.251267794646985e-10
83.0 5.900119290452959e-10
84.0 5.664468040046742e-10
85.0 5.904934723708426e-10
86.0 4.675115996605538e-10
87.0 4.290390385540309e-10
88.0 3.4288250863956373e-10
89.0 3.2377506718395113e-10
90.0 2.45555057610139e-10
91.0 2.2559690316998415e-10
92.0 2.776420186353227e-10
93.0 2.1501315981575793e-10
94.0 1.7370666545875462e-10
95.0 1.6909566023879972e-10
96.0 1.3425904545528755e-10
97.0 1.179182156573717e-10
98.0 1.1347676584749564e-10
99.0 1.1978783188590517e-10
100.0 9.412970409758923e-11
101.0 8.375322045530321e-11
102.0 6.969555300644074e-11
103.0 6.2652138863268e-11
104.0 7.161102057955424e-11
105.0 5.1115008922251997e-11
106.0 4.115310380704885e-11
107.0 4.1975239668420204e-11
108.0 3.666986019165961e-11
109.0 3.7314494854420156e-11
110.0 2.480159580366929e-11
111.0 2.937498743200268e-11
112.0 3.049845293401593e-11
113.0 2.2641532464973736e-11
114.0 2.0007222345986608e-11
115.0 2.5372270795809872e-11
116.0 1.7341520685301596e-11
117.0 1.3295441032084999e-11
118.0 1.6197159633242435e-11
119.0 1.6918416249354344e-11
120.0 1.684135117012073e-11
121.0 1.2649187002138068e-11
122.0 9.211856802962889e-12
123.0 7.809562197035697e-12
124.0 6.914591688336697e-12
125.0 9.670219959748758e-12
126.0 5.101438161130547e-12
127.0 8.49001933443058e-12
128.0 7.645204338210907e-12
129.0 6.586888371751816e-12
130.0 5.1521546000861345e-12
131.0 4.155151007062983e-12
132.0 3.6153435742288644e-12
133.0 3.2314201005593304e-12
134.0 3.921026531530979e-12
135.0 3.1051237578161687e-12
136.0 2.6531240011983393e-12
137.0 2.8871542710482928e-12
138.0 2.3522126382611706e-12
139.0 1.9770821311951958e-12
140.0 0.0
