0.0 0.0
1.0 0.0
2.0 0.0
3.0 0.0
4.0 1.507782762480899e-07
5.0 0.004801412898720846
6.0 0.0386268286870064
7.0 0.08516161163999844
8.0 0.11638902849778883
9.0 0.12847190027398067
10.0 0.12727621876559497
11.0 0.11884207553541137
12.0 0.10706184766303398
13.0 0.09454959005697289
14.0 0.08259795545413286
15.0 0.07155490092997992
16.0 0.061581887598670594
17.0 0.053033097146854405
18.0 0.0457081103958146
19.0 0.039320830917856826
20.0 0.033860634515536385
21.0 0.02925337231263756
22.0 0.025308069729016936
23.0 0.021967160292683727
24.0 0.019091913199236105
25.0 0.01660482851420965
26.0 0.014484239429504709
27.0 0.012666526860697167
28.0 0.011131165787636062
29.0 0.009759745802695228
30.0 0.008595161879331884
31.0 0.007547420833756448
32.0 0.006675729147019824
33.0 0.005911456424552897
34.0 0.005247986937806136
35.0 0.004642746693395461
36.0 0.004165418039662383
37.0 0.0037054883680945477
38.0 0.003332067167263926
39.0 0.0029503898434919216
40.0 0.002643612721226416
41.0 0.002382213336287267
42.0 0.0021284785161481807
43.0 0.0019209207621192622
44.0 0.0017258605917840843
45.0 0.0015488992405480139
46.0 0.0014070717351453929
47.0 0.0012574161941124832
48.0 0.0011475706595709394
49.0 0.0010438767731465305
50.0 0.0009552738848448548
51.0 0.0008581367580973599
52.0 0.0007888177019581111
53.0 0.0007175945532598241
54.0 0.0006443028938266072
55.0 0.0005826899456308588
56.0 0.0005447034739691406
57.0 0.0004981550461024665
58.0 0.0004513074890627404
59.0 0.0004085093664965698
60.0 0.0003777939316888426
61.0 0.00034197633156530214
62.0 0.000327935246174029
63.0 0.0003016133396410813
64.0 0.00027139069014840207
65.0 0.0002500744150049842
66.0 0.00022442352807339238
67.0 0.00020559229771686203
68.0 0.0001886398547280772
69.0 0.00017553030202768153
70.0 0.0001620826889124496
71.0 0.00014936571953358754
72.0 0.00013857933775403638
73.0 0.00013150915981060215
74.0 0.00012305760011141885
75.0 0.00011671577294401753
76.0 0.00010474561266674702
77.0 8.771853071268014e-05
78.0 8.546043444798869e-05
79.0 7.78461504667398e-05
80.0 7.740961176526894e-05
81.0 6.716668148551967e-05
82.0 6.458772577379203e-05
83.0 5.714607604654637e-05
84.0 5.6620441351026116e-05
85.0 5.0280512545416306e-05
86.0 4.547685254224777e-05
87.0 4.4435126412861506e-05
88.0 4.1052996308058955e-05
89.0 3.6055892539042965e-05
90.0 3.332505057028386e-05
91.0 2.8175982326581884e-05
92.0 2.9960494585288293e-05
93.0 2.8668224232430344e-05
94.0 2.6493040175227066e-05
95.0 2.680340918310433e-05
96.0 2.5533836578856327e-05
97.0 2.1334926085529808e-05
98.0 2.18517100946132e-05
99.0 1.980612173485327e-05
100.0 1.879728892192019e-05
101.0 1.7099938115671862e-05
102.0 1.4582146283644886e-05
103.0 1.4709567845877254e-05
104.0 1.2987942604170312e-05
105.0 1.2621536064612294e-05
106.0 1.2133538877657682e-05
107.0 1.0734330621362737e-05
108.0 9.589557205555295e-06
109.0 1.0300978247414761e-05
110.0 1.0559861717060428e-05
111.0 1.0063756280079906e-05
112.0 7.926512846053823e-06
113.0 8.090298936997649e-06
114.0 7.532515612591644e-06
115.0 6.856532502894482e-06
116.0 6.10260876011311e-06
117.0 5.454053666586402e-06
118.0 5.720757591695347e-06
119.0 5.203165626591168e-06
120.0 5.235029428665485e-06
121.0 4.344805852930795e-06
122.0 5.025436880121407e-06
123.0 4.141931866226181e-06
124.0 4.922840745620515e-06
125.0 4.069289285755979e-06
126.0 3.4479675422285825e-06
127.0 3.152761575395679e-06
128.0 2.4535738714003983e-06
129.0 2.2308432860365257e-06
130.0 3.17203986110615e-06
131.0 2.7885604355762878e-06
132.0 2.2021486821369003e-06
133.0 2.286478317101421e-06
134.0 2.3678660995564957e-06
135.0 2.287460772929062e-06
136.0 1.9136085893535044e-06
137.0 2.0656977536927245e-06
138.0 1.3771313459783474e-06
139.0 1.1383796029054986e-06
140.0 0.0
