0.0 0.0
1.0 0.0
2.0 0.0
3.0 0.0
4.0 0.0
5.0 0.011065306205214072
6.0 0.06376627810867937
7.0 0.09997809577159354
8.0 0.10866954601908617
9.0 0.09984932801273522
10.0 0.09011430948903774
11.0 0.08071860664735625
12.0 0.07353925786504353
13.0 0.06641664462158965
14.0 0.06092382229987706
15.0 0.05539251409558784
16.0 0.05092243366905494
17.0 0.045071691809749896
18.0 0.04062630414973905
19.0 0.03656490524567683
20.0 0.0331155116454102
21.0 0.029865958004193352
22.0 0.026717538435524244
23.0 0.024150118418688516
24.0 0.02206953188210637
25.0 0.019986161578630333
26.0 0.01737470219585004
27.0 0.015776355992056113
28.0 0.013837528864726771
29.0 0.012594308395912827
30.0 0.011645942972426424
31.0 0.010400331179329083
32.0 0.009169940240768426
33.0 0.008459512211246894
34.0 0.007649949998995071
35.0 0.0070525693760378145
36.0 0.006153740673967786
37.0 0.005854165479395854
38.0 0.0056371404105792465
39.0 0.004948932625578763
40.0 0.004265744280139699
41.0 0.003785772196878817
42.0 0.00354449070920248
43.0 0.0030794305267933236
44.0 0.0032502252365366187
45.0 0.002503959917358283
46.0 0.0022387539251345918
47.0 0.0023305098250614
48.0 0.00200551629351922
49.0 0.0018352935387363407
50.0 0.001799164967985027
51.0 0.0014023040723050446
52.0 0.0015718354786640062
53.0 0.0013903789074975036
54.0 0.001235193395956405
55.0 0.0011935987226269623
56.0 0.0010895610075488274
57.0 0.0009474256753419436
58.0 0.0008954492361632296
59.0 0.0006599226411554387
60.0 0.0006729044645775968
61.0 0.0007757966010638663
62.0 0.0006079439636845696
63.0 0.0005057470866536283
64.0 0.0005624825050368272
65.0 0.0005032922144133342
66.0 0.0005877045468592019
67.0 0.00041446972648995326
68.0 0.00042722634301091146
69.0 0.0003748890193056874
70.0 0.0002703686703561437
71.0 0.0002552741439397915
72.0 0.00037614927826013937
73.0 0.0002946718627381875
74.0 0.00029803242417863205
75.0 0.00019460222788237586
76.0 0.00020341928882918972
77.0 0.0001611109156799762
78.0 0.00014386848976024534
79.0 0.00017044944066075873
80.0 0.00013091227481353007
81.0 0.00013518585749366954
82.0 0.0001157186201416998
83.0 0.00012424934327271846
84.0 0.00010062327183369167
85.0 9.618271325813194e-05
86.0 7.349858966192291e-05
87.0 7.997685252926614e-05
88.0 0.00014238262282018289
89.0 6.863706920157378e-05
90.0 8.913220321187772e-05
91.0 6.704105446369691e-05
92.0 5.7975735240796224e-05
93.0 5.2385662788543484e-05
94.0 5.316984191776266e-05
95.0 7.416780102435342e-05
96.0 3.473212291645894e-05
97.0 4.6082152257055986e-05
98.0 5.481102490148086e-05
99.0 5.182399506084719e-05
100.0 4.1225934312892366e-05
101.0 4.288585698025827e-05
102.0 3.274329432408867e-05
103.0 5.5175009898716964e-05
104.0 1.959539680258859e-05
105.0 3.524357122450744e-05
106.0 3.429017612672508e-05
107.0 1.3176240100874665e-05
108.0 3.236931060937275e-05
109.0 2.3403856308627236e-05
110.0 1.6951937597694116e-05
111.0 1.8982614466261437e-05
112.0 9.165435763871667e-06
113.0 2.7105184651579704e-05
114.0 2.6408321614534966e-05
115.0 1.6026868199729346e-05
116.0 1.6394449106077938e-05
117.0 1.9898996816040272e-05
118.0 1.077520867624461e-05
119.0 9.410338546955768e-06
120.0 1.1463393148638057e-05
121.0 1.6123641239667693e-05
122.0 1.3875452201839201e-05
123.0 1.1838720042862642e-05
124.0 1.3369805238565324e-05
125.0 4.77558095393486e-06
126.0 7.664972012497536e-06
127.0 1.0353859414888945e-05
128.0 6.036669888116189e-06
129.0 5.037574510367595e-06
130.0 4.757655057684721e-06
131.0 7.296109352621528e-06
132.0 4.650871921987689e-06
133.0 3.7663567763349596e-06
134.0 6.269665210925651e-06
135.0 3.82653189526024e-06
136.0 4.125521130088691e-06
137.0 3.6674141803605383e-06
138.0 3.1705327457607407e-06
139.0 2.4664430450695846e-06
140.0 0.0
