2.0 277.81496576047135
2.5 191.59739722440182
3.0 127.00797441975638
3.5 83.9232589763257
4.0 56.12681155597318
4.5 38.22038354145807
5.0 26.496196769732105
5.5 18.73563552350878
6.0 13.477142311877465
6.5 9.834873210976381
7.0 7.296490704427564
7.5 5.487695424355321
8.0 4.183944275427356
8.5 3.210003273864746
9.0 2.492461163142673
9.5 1.9569386052698698
10.0 1.546592211579196
10.5 1.234989144921347
11.0 0.9943017863175527
11.5 0.8002195018947056
12.0 0.6519842617652437
12.5 0.5354250065341538
13.0 0.43715211341215965
13.5 0.36422115875955297
14.0 0.30016781548015053
14.5 0.25219254837399274
15.0 0.2095485142259452
15.5 0.17632502686777277
16.0 0.1499549200848646
16.5 0.126299183046623
17.0 0.1076207913850965
17.5 0.09110738232319454
18.0 0.078283748132097
18.5 0.06799835947259979
19.0 0.057671303806976826
19.5 0.050388469894292444
20.0 0.042721623953071046
20.5 0.037465019523458175
21.0 0.032454581676262056
21.5 0.02867049555212133
22.0 0.0
