2.0 0.08862143302893041
2.5 0.039845582398536854
3.0 0.016476454383491896
3.5 0.006909533436599111
4.0 0.0030244460273235255
4.5 0.0013960345499973773
5.0 0.000678045484634804
5.5 0.00034404403873769095
6.0 0.00018335669029615368
6.5 0.00010114873896615917
7.0 5.7180301793686366e-05
7.5 3.386666449341885e-05
8.0 2.035597802347554e-05
8.5 1.2549298084182722e-05
9.0 7.953925061473455e-06
9.5 5.145199310370208e-06
10.0 3.3752538533144228e-06
10.5 2.2552503396753633e-06
11.0 1.5642158934342007e-06
11.5 1.0765382629748499e-06
12.0 7.333192259967379e-07
12.5 5.161203904699101e-07
13.0 3.747479706326862e-07
13.5 2.6989606254325936e-07
14.0 2.057428998120056e-07
14.5 1.3944167547412725e-07
15.0 1.0292810978320354e-07
15.5 7.721375552310262e-08
16.0 5.6431093346847714e-08
16.5 4.473364157576763e-08
17.0 3.36278605425255e-08
17.5 2.6043750574435157e-08
18.0 1.8895788699977557e-08
18.5 1.469772962383889e-08
19.0 1.2142185788447316e-08
19.5 9.466515667338344e-09
20.0 7.470744081585284e-09
20.5 5.980409213249514e-09
21.0 4.626276109032437e-09
21.5 3.638137615812272e-09
22.0 0.0
