2.0 0.8402593735593825
2.5 0.5605929549093942
3.0 0.3616028741471875
3.5 0.24228897979777259
4.0 0.1662675568556968
4.5 0.11558256820857472
5.0 0.08325174154125316
5.5 0.06334185808974611
6.0 0.04659889205979354
6.5 0.034823489974843
7.0 0.02671497158393883
7.5 0.02098216925695311
8.0 0.01705720699573557
8.5 0.012615296687336072
9.0 0.010618120331450645
9.5 0.008424342266259969
10.0 0.00660112222544861
10.5 0.0056318817244700075
11.0 0.004569350283161045
11.5 0.003973409818861176
12.0 0.003115046883341423
12.5 0.002673522615052009
13.0 0.0021061744802994002
13.5 0.002231963348651514
14.0 0.0014021302872949443
14.5 0.0013034134604591064
15.0 0.0011592387490671713
15.5 0.0011060978495019114
16.0 0.0009101880565972849
16.5 0.0008924045826097715
17.0 0.0003921512792096433
17.5 0.000589204274930462
18.0 0.00047974214836887883
18.5 0.0007861129872762478
19.0 0.0004226490345524298
19.5 0.0003410521416120631
20.0 0.00021385361309647665
20.5 0.0003510361796574472
21.0 0.0001984232101085144
21.5 0.00018812667462598913
22.0 0.0
