2.0 0.8900745951028665
2.5 0.6203519370462482
3.0 0.418637649036967
3.5 0.28154955948467325
4.0 0.19157186829113615
4.5 0.13227778991843517
5.0 0.09297402409323566
5.5 0.06637834283595537
6.0 0.04830235956799131
6.5 0.03551358773902201
7.0 0.02656280948023497
7.5 0.0201227379703516
8.0 0.015371943368196642
8.5 0.011907057149538606
9.0 0.009302696849222967
9.5 0.0073446158947767515
10.0 0.005797715999611668
10.5 0.004654377624236
11.0 0.0037387932244321584
11.5 0.0030494018052955253
12.0 0.002481686229190692
12.5 0.002043813335130086
13.0 0.0016750456537541981
13.5 0.001385047788164469
14.0 0.0011603440157844478
14.5 0.0009711002447001422
15.0 0.0008115598119917992
15.5 0.0006858602145339019
16.0 0.0005757578601517042
16.5 0.0004919453740627606
17.0 0.00041787770807700944
17.5 0.00035676879548780164
18.0 0.00030158339306734556
18.5 0.0002660816631206623
19.0 0.00022622809680260633
19.5 0.00019726778359491958
20.0 0.00017012006670608714
20.5 0.00014755962110278158
21.0 0.00012696020370099646
21.5 0.00011289712099163941
22.0 0.0
