2.0 0.9786960281317969
2.5 0.6601975194447851
3.0 0.43511410342045886
3.5 0.28845909292127236
4.0 0.19459631431845967
4.5 0.13367382446843254
5.0 0.09365206957787046
5.5 0.06672238687469306
6.0 0.048485716258287466
6.5 0.03561473647798817
7.0 0.026619989782028657
7.5 0.02015660463484502
8.0 0.015392299346220118
8.5 0.011919606447622789
9.0 0.00931065077428444
9.5 0.007349761094087122
10.0 0.005801091253464982
10.5 0.004656632874575676
11.0 0.0037403574403255925
11.5 0.0030504783435585004
12.0 0.002482419548416689
12.5 0.002044329455520556
13.0 0.0016754204017248309
13.5 0.0013853176842270121
14.0 0.0011605497586842598
14.5 0.0009712396863756163
15.0 0.0008116627401015824
15.5 0.0006859374282894249
16.0 0.000575814291245051
16.5 0.0004919901077043364
17.0 0.00041791133593755195
17.5 0.00035679483923837607
18.0 0.0003016022888560455
18.5 0.0002660963608502862
19.0 0.00022624023898839478
19.5 0.0001972772501105869
20.0 0.0001701275374501687
20.5 0.00014756560151199484
21.0 0.0001269648299771055
21.5 0.00011290075912925522
22.0 0.0
