-1000.0 0.013542269850590125
-980.0 0.014296018808518341
-960.0 0.015065881857264263
-940.0 0.016001386912406584
-920.0 0.016720127405787884
-900.0 0.017600394810791443
-880.0 0.018629981771063026
-860.0 0.019818293947499288
-840.0 0.020896064868446047
-820.0 0.02228090782091942
-800.0 0.02356213632033942
-780.0 0.025090361115664213
-760.0 0.02671742408594964
-740.0 0.02859546853475661
-720.0 0.030469476265631103
-700.0 0.0325017669306267
-680.0 0.03489671820442711
-660.0 0.03732168099524826
-640.0 0.04011280442730211
-620.0 0.04327168848408139
-600.0 0.04675438687506288
-580.0 0.050734104718260224
-560.0 0.05477677527012779
-540.0 0.060064257349630105
-520.0 0.06512738722116279
-500.0 0.07115663220096798
-480.0 0.07802537134080616
-460.0 0.08577606465621662
-440.0 0.09498531331244014
-420.0 0.10509407697005575
-400.0 0.11695434799766025
-380.0 0.1306667728319706
-360.0 0.14639302817141886
-340.0 0.16588449927834834
-320.0 0.18815012095253655
-300.0 0.21546848699566548
-280.0 0.2479018340564148
-260.0 0.28837258405900706
-240.0 0.3385713014991709
-220.0 0.4018353462068798
-200.0 0.4824577684172943
-180.0 0.5896775167165491
-160.0 0.7325825367297376
-140.0 0.9306560999107598
-120.0 1.2136481736666096
-100.0 1.636096338287517
-80.0 2.2926245337103044
-60.0 3.3383213448530378
-40.0 4.661764593455606
-20.0 2.2082049978958174
0.0 0.0
