-1000.0 1.6139028898320056e-08
-980.0 1.853396000118198e-08
-960.0 2.0260489986627575e-08
-940.0 2.06663396388677e-08
-920.0 2.0477515994911854e-08
-900.0 2.575174147016879e-08
-880.0 2.699503818739568e-08
-860.0 3.4708563456827e-08
-840.0 3.4442166489559e-08
-820.0 4.042212495443864e-08
-800.0 4.3739571192896354e-08
-780.0 4.9199517009698116e-08
-760.0 4.686791967596415e-08
-740.0 6.034306875307663e-08
-720.0 6.952201332743296e-08
-700.0 7.429886128942345e-08
-680.0 8.96535812308822e-08
-660.0 1.1140891767407708e-07
-640.0 1.1305229185353127e-07
-620.0 1.2341266976938603e-07
-600.0 1.5139456448107675e-07
-580.0 1.6696437253045739e-07
-560.0 1.944522353271438e-07
-540.0 2.2865598660643878e-07
-520.0 2.693663511372553e-07
-500.0 3.2303610510811245e-07
-480.0 3.6366991685759755e-07
-460.0 4.5645515290871975e-07
-440.0 5.161248809517143e-07
-420.0 6.273817099764748e-07
-400.0 8.126536716294366e-07
-380.0 9.378308234376043e-07
-360.0 1.1864493634781842e-06
-340.0 1.4525859662844781e-06
-320.0 1.8495285072386513e-06
-300.0 2.392440299131666e-06
-280.0 3.134750784039927e-06
-260.0 4.12311498313131e-06
-240.0 5.611447168006876e-06
-220.0 7.754407527978115e-06
-200.0 1.1020864836519925e-05
-180.0 1.632724556041865e-05
-160.0 2.4927723016348703e-05
-140.0 3.986484747827728e-05
-120.0 6.789189340549371e-05
-100.0 0.000124925258878908
-80.0 0.0002549787156751421
-60.0 0.0005984829250573299
-40.0 0.0015581299009292254
-20.0 0.00121284284469616
0.0 0.0
