-1000.0 -3.3658531649083083e-05
-980.0 -3.709075334596508e-05
-960.0 -2.6375212386565018e-05
-940.0 -6.939303573995012e-06
-920.0 -4.470836864459138e-05
-900.0 -2.0939954910299553e-05
-880.0 -1.230306965538436e-05
-860.0 -6.5041122032002e-05
-840.0 -2.476997102957758e-05
-820.0 -2.5129877729750843e-05
-800.0 -2.2536579149286473e-05
-780.0 -3.793304853110557e-05
-760.0 -6.560498924029334e-05
-740.0 -5.656735601729498e-05
-720.0 -6.44443562105604e-05
-700.0 -2.512090860940148e-05
-680.0 -4.039265862490043e-05
-660.0 -2.6244461450920553e-05
-640.0 -7.067931744262967e-06
-620.0 -5.6780978151239105e-05
-600.0 -2.6111362474860777e-06
-580.0 -7.488502977337426e-05
-560.0 -2.8734415023453416e-06
-540.0 -2.3390773554725136e-05
-520.0 7.95642039653463e-06
-500.0 -0.00010546532202413664
-480.0 -1.3125425260973199e-05
-460.0 -2.9790955018381676e-05
-440.0 0.0001081961553215009
-420.0 2.3632606067478478e-05
-400.0 2.2730758129341742e-05
-380.0 1.8358823986597272e-05
-360.0 3.64587283662555e-05
-340.0 9.781851906979036e-05
-320.0 0.00012762601067601458
-300.0 0.0001428272004906383
-280.0 0.00022162721426093632
-260.0 0.0002041385126618962
-240.0 0.0004555384614112948
-220.0 0.0004944793417479341
-200.0 0.0006950742822685659
-180.0 0.0010239133809205171
-160.0 0.0012564265158117507
-140.0 0.0018565653523493623
-120.0 0.002617598243048716
-100.0 0.0039910623230790376
-80.0 0.006669889938889674
-60.0 0.011935557620515055
-40.0 0.022103084191478647
-20.0 0.01480581393894522
0.0 0.0
