-1000.0 4.3686178393504485e-05
-980.0 4.6031882262242464e-05
-960.0 4.880831984043671e-05
-940.0 5.0920836432390425e-05
-920.0 5.440702840352223e-05
-900.0 5.696858833380812e-05
-880.0 6.132896230142558e-05
-860.0 6.411132528054796e-05
-840.0 6.821210905811705e-05
-820.0 7.218008903818517e-05
-800.0 7.767889899573401e-05
-780.0 8.253701853480866e-05
-760.0 8.79705073017898e-05
-740.0 9.454786205808194e-05
-720.0 0.00010069779480671423
-700.0 0.00010787965843894433
-680.0 0.00011531809115595547
-660.0 0.00012490611951298646
-640.0 0.00013437840051579896
-620.0 0.00014489101988278508
-600.0 0.00015668983376772983
-580.0 0.0001696087301366112
-560.0 0.00018474712880269843
-540.0 0.0002004466281708757
-520.0 0.00021957896431159225
-500.0 0.00024082988543168058
-480.0 0.0002642509085830634
-460.0 0.00029085104228708275
-440.0 0.0003216290110521429
-420.0 0.0003568312789375824
-400.0 0.00040039424427424703
-380.0 0.00044808240635441554
-360.0 0.0005044757870686519
-340.0 0.0005721556156794665
-320.0 0.0006511934191661849
-300.0 0.0007476320646610121
-280.0 0.0008644971686153529
-260.0 0.0010070124810991105
-240.0 0.0011863307908812884
-220.0 0.0014122013419285999
-200.0 0.0017062730548042635
-180.0 0.0020901376438416776
-160.0 0.0026052872524414987
-140.0 0.003318175900797105
-120.0 0.004337177215494236
-100.0 0.005849233574283211
-80.0 0.008187695971254697
-60.0 0.011828705678564758
-40.0 0.016242523814066774
-20.0 0.007289348187167737
0.0 0.0
