-1000.0 4.3670039364606166e-05
-980.0 4.6013348302241285e-05
-960.0 4.8788059350450086e-05
-940.0 5.090017009275156e-05
-920.0 5.4386550887527324e-05
-900.0 5.694283659233795e-05
-880.0 6.130196726323818e-05
-860.0 6.407661671709113e-05
-840.0 6.817766689162749e-05
-820.0 7.213966691323073e-05
-800.0 7.763515942454111e-05
-780.0 8.248781901779896e-05
-760.0 8.792363938211383e-05
-740.0 9.448751898932887e-05
-720.0 0.0001006282727933868
-700.0 0.00010780535957765491
-680.0 0.0001152284375747246
-660.0 0.0001247947105953124
-640.0 0.00013426534822394542
-620.0 0.0001447676072130157
-600.0 0.00015653843920324876
-580.0 0.00016944176576408075
-560.0 0.0001845526765673713
-540.0 0.00020021797218426927
-520.0 0.000219309597960455
-500.0 0.00024050684932657246
-480.0 0.0002638872386662058
-460.0 0.00029039458713417404
-440.0 0.0003211128861711912
-420.0 0.00035620389722760594
-400.0 0.0003995815906026176
-380.0 0.0004471445755309779
-360.0 0.0005032893377051737
-340.0 0.000570703029713182
-320.0 0.0006493438906589463
-300.0 0.0007452396243618805
-280.0 0.000861362417831313
-260.0 0.0010028893661159792
-240.0 0.0011807193437132816
-220.0 0.0014044469344006217
-200.0 0.0016952521899677435
-180.0 0.002073810398281259
-160.0 0.00258035952942515
-140.0 0.0032783110533188276
-120.0 0.004269285322088743
-100.0 0.005724308315404303
-80.0 0.007932717255579555
-60.0 0.011230222753507428
-40.0 0.014684393913137549
-20.0 0.006076505342471577
0.0 0.0
